57*xbar^106 + 11*xbar^105 + 23*xbar^104 + 59*xbar^103 + 24*xbar^102 + 38*xbar^101 + 36*xbar^100 + xbar^99 + 15*xbar^98 + 61*xbar^97 + 26*xbar^96 + 37*xbar^95 + 50*xbar^94 + 61*xbar^93 + 30*xbar^92 + 57*xbar^91 + 52*xbar^90 + 22*xbar^89 + 36*xbar^88 + 43*xbar^87 + 7*xbar^86 + 61*xbar^85 + 6*xbar^84 + 2*xbar^83 + 36*xbar^82 + 51*xbar^81 + 61*xbar^80 + 48*xbar^79 + 46*xbar^78 + 6*xbar^77 + 13*xbar^76 + 16*xbar^75 + 58*xbar^74 + 34*xbar^73 + 39*xbar^72 + 36*xbar^71 + 43*xbar^70 + xbar^69 + 3*xbar^68 + xbar^67 + 58*xbar^66 + 42*xbar^65 + 57*xbar^64 + 10*xbar^63 + 32*xbar^62 + 39*xbar^61 + 33*xbar^60 + 63*xbar^59 + 3*xbar^58 + 56*xbar^57 + 36*xbar^56 + 3*xbar^55 + 66*xbar^54 + 39*xbar^53 + 59*xbar^52 + 34*xbar^51 + 55*xbar^50 + 39*xbar^49 + 31*xbar^48 + 35*xbar^47 + 62*xbar^46 + 26*xbar^45 + 44*xbar^44 + 64*xbar^43 + 49*xbar^42 + 11*xbar^41 + 49*xbar^40 + 64*xbar^38 + 32*xbar^37 + 8*xbar^36 + 14*xbar^35 + 44*xbar^34 + 20*xbar^33 + 50*xbar^32 + 63*xbar^31 + 36*xbar^30 + 5*xbar^29 + 62*xbar^28 + 30*xbar^27 + 53*xbar^26 + 32*xbar^25 + 16*xbar^24 + 26*xbar^23 + 26*xbar^22 + 53*xbar^21 + 62*xbar^20 + 9*xbar^19 + 32*xbar^18 + 54*xbar^17 + 32*xbar^16 + 35*xbar^15 + 45*xbar^14 + 51*xbar^13 + 22*xbar^12 + 64*xbar^11 + 60*xbar^10 + 54*xbar^9 + 24*xbar^8 + 8*xbar^7 + 65*xbar^6 + 23*xbar^5 + 35*xbar^4 + 58*xbar^3 + 33*xbar^2 + 9*xbar + 8
[3, 33, 24, 40, 32, 6, 11, 46, 3, 8, 35, 57, 24, 41, 1, 2, 60, 23, 47, 37, 49, 5, 27, 23, 46, 24, 50, 11, 64, 9, 63, 64, 64, 24, 29, 1, 36, 65, 3, 13, 11, 60, 6, 56, 14, 12, 18, 24, 16, 25, 25, 16, 20, 34, 38, 31, 66, 55, 53, 7, 47, 60, 61, 9, 57, 31, 51, 65, 41, 10, 13, 55, 53, 19, 66, 2, 11, 0, 5, 21, 65, 34, 65, 14, 57, 9, 37, 5, 40, 24, 41, 62, 61, 2, 16, 19, 55, 17, 1, 49, 19, 42, 34, 12, 50, 66, 22]
[20, 50, 15, 22, 31, 39, 33, 47, 15, 16, 8, 53, 63, 13, 28, 46, 57, 42, 66, 52, 54, 14, 2, 64, 6, 44, 45, 53, 13, 28, 60, 35, 56, 3, 8, 15, 0, 46, 13, 41, 65, 38, 49, 23, 2, 56, 10, 34, 62, 46, 21, 17, 51, 39, 54, 4, 41, 11, 15, 25, 26, 33, 35, 20, 52, 58, 6, 25, 24, 27, 7, 3, 34, 35, 66, 41, 5, 13, 0, 48, 47, 53, 6, 28, 33, 64, 55, 66, 3, 15, 4, 7, 7, 8, 25, 1, 56, 46, 35, 42, 40, 66, 31, 63, 35, 17, 62]
[29, 12, 66, 30, 56, 20, 3, 37, 2, 47, 66, 15, 42, 48, 21, 3, 4, 47, 63, 25, 28, 58, 10, 12, 55, 17, 36, 23, 2, 11, 9, 64, 9, 6, 20, 60, 1, 61, 32, 50, 45, 64, 0, 53, 0, 30, 8, 42, 9, 58, 30, 0, 16, 59, 4, 12, 6, 65, 32, 14, 51, 20, 46, 10, 6, 52, 46, 22, 8, 15, 14, 62, 13, 14, 56, 32, 59, 47, 7, 42, 31, 38, 31, 16, 63, 26, 2, 25, 47, 34, 24, 40, 9, 22, 17, 31, 2, 7, 32, 18, 44, 27, 40, 23, 33, 3, 63]
[44, 38, 52, 10, 27, 24, 18, 41, 1, 66, 4, 58, 6, 15, 15, 12, 32, 38, 20, 9, 12, 36, 13, 35, 49, 5, 20, 13, 20, 44, 5, 9, 14, 5, 15, 19, 6, 39, 45, 15, 19, 54, 10, 59, 53, 45, 27, 50, 43, 64, 65, 17, 57, 25, 53, 41, 2, 28, 60, 58, 8, 38, 40, 58, 0, 33, 47, 45, 40, 45, 31, 60, 58, 44, 59, 25, 19, 56, 11, 31, 43, 25, 55, 60, 18, 29, 58, 48, 20, 49, 12, 31, 21, 60, 27, 14, 15, 10, 27, 32, 8, 51, 56, 24, 61, 11, 60]
[36, 65, 55, 32, 54, 52, 54, 18, 35, 61, 60, 65, 31, 4, 1, 57, 26, 9, 26, 55, 5, 33, 59, 39, 36, 43, 39, 54, 52, 35, 46, 49, 49, 8, 29, 18, 30, 21, 18, 43, 55, 0, 61, 43, 3, 64, 19, 49, 18, 51, 65, 17, 40, 0, 65, 29, 59, 27, 36, 52, 13, 33, 47, 59, 7, 65, 0, 12, 1, 58, 47, 28, 24, 55, 63, 37, 14, 54, 48, 65, 64, 7, 14, 16, 29, 40, 58, 55, 45, 14, 35, 56, 51, 22, 8, 29, 25, 47, 53, 43, 54, 4, 7, 48, 57, 61, 61]
[35, 55, 19, 59, 58, 64, 17, 21, 21, 66, 54, 60, 50, 15, 14, 62, 3, 28, 24, 7, 4, 20, 32, 10, 47, 11, 25, 16, 3, 27, 7, 21, 0, 14, 52, 21, 30, 13, 39, 26, 12, 11, 3, 51, 33, 35, 0, 16, 29, 47, 22, 36, 61, 15, 63, 49, 28, 56, 10, 13, 66, 56, 19, 54, 6, 36, 12, 20, 21, 55, 32, 63, 1, 62, 28, 44, 56, 54, 65, 46, 28, 8, 13, 5, 50, 26, 53, 4, 30, 37, 31, 50, 7, 10, 19, 14, 25, 23, 43, 24, 56, 5, 27, 25, 55, 57, 57]
[25, 35, 14, 24, 35, 8, 46, 11, 18, 58, 9, 18, 61, 8, 23, 54, 17, 1, 32, 18, 29, 28, 12, 66, 55, 6, 24, 16, 41, 59, 35, 17, 13, 5, 3, 36, 66, 24, 27, 41, 13, 30, 44, 4, 36, 58, 33, 60, 26, 57, 45, 47, 12, 56, 13, 37, 44, 6, 52, 35, 49, 39, 41, 36, 12, 36, 15, 63, 27, 12, 8, 26, 27, 25, 66, 59, 43, 36, 13, 51, 39, 63, 10, 52, 46, 45, 8, 20, 47, 52, 12, 45, 12, 10, 66, 10, 66, 53, 34, 63, 23, 20, 53, 46, 44, 64, 6]
[66, 45, 17, 61, 24, 36, 40, 8, 8, 33, 38, 27, 29, 28, 11, 32, 9, 21, 37, 50, 39, 24, 21, 42, 36, 47, 2, 37, 62, 25, 45, 14, 57, 15, 7, 36, 51, 0, 4, 6, 6, 38, 47, 19, 43, 62, 35, 0, 50, 26, 66, 63, 31, 27, 58, 11, 51, 43, 50, 63, 51, 39, 15, 34, 50, 29, 19, 20, 7, 49, 48, 60, 45, 54, 8, 8, 42, 60, 14, 57, 44, 37, 29, 16, 27, 7, 36, 47, 40, 6, 43, 64, 19, 53, 66, 37, 9, 39, 49, 40, 6, 51, 19, 41, 48, 66, 26]
[20, 5, 20, 52, 65, 21, 38, 39, 37, 53, 41, 7, 40, 40, 42, 50, 63, 26, 52, 36, 66, 40, 43, 25, 14, 8, 31, 49, 43, 41, 51, 5, 36, 54, 40, 23, 12, 58, 28, 16, 63, 38, 2, 56, 48, 19, 28, 23, 48, 40, 54, 8, 49, 26, 41, 15, 19, 19, 49, 2, 31, 34, 15, 56, 23, 33, 36, 64, 38, 2, 29, 47, 60, 10, 28, 18, 34, 55, 51, 16, 47, 50, 11, 7, 39, 4, 45, 57, 11, 59, 8, 44, 8, 52, 51, 46, 7, 8, 0, 23, 45, 21, 47, 56, 51, 40, 59]
[43, 57, 59, 9, 56, 21, 8, 47, 59, 54, 18, 9, 61, 15, 20, 14, 41, 47, 31, 32, 2, 25, 3, 45, 63, 36, 42, 29, 46, 0, 33, 8, 21, 66, 47, 64, 57, 23, 28, 36, 9, 40, 28, 46, 25, 19, 23, 18, 54, 4, 52, 57, 37, 61, 62, 65, 21, 12, 23, 51, 32, 55, 42, 42, 3, 15, 13, 18, 33, 53, 6, 7, 22, 16, 18, 29, 21, 43, 56, 53, 24, 62, 24, 22, 47, 9, 38, 29, 35, 1, 8, 5, 57, 52, 61, 66, 15, 33, 26, 43, 22, 18, 40, 39, 24, 61, 66]
[13, 23, 13, 3, 57, 7, 11, 40, 13, 47, 5, 10, 41, 2, 51, 1, 25, 19, 17, 10, 15, 63, 9, 6, 24, 19, 57, 14, 3, 2, 19, 11, 53, 17, 9, 59, 65, 11, 28, 2, 28, 18, 35, 1, 25, 22, 61, 49, 22, 27, 27, 16, 29, 17, 5, 0, 29, 32, 66, 48, 22, 58, 9, 28, 62, 24, 50, 48, 16, 60, 66, 7, 54, 0, 58, 29, 28, 40, 63, 16, 28, 32, 40, 53, 22, 51, 47, 49, 52, 57, 51, 2, 41, 60, 35, 59, 66, 52, 35, 21, 57, 25, 34, 31, 45, 54, 30]
[40, 40, 28, 49, 33, 36, 18, 21, 11, 66, 40, 36, 1, 45, 62, 24, 61, 35, 46, 32, 20, 59, 16, 49, 46, 42, 6, 50, 19, 24, 64, 64, 53, 6, 13, 19, 11, 40, 42, 1, 36, 55, 9, 59, 36, 0, 46, 15, 21, 51, 12, 0, 2, 5, 6, 43, 42, 42, 53, 65, 20, 6, 1, 37, 3, 52, 51, 44, 22, 60, 23, 18, 61, 27, 16, 26, 31, 17, 36, 34, 3, 19, 25, 49, 13, 31, 17, 20, 16, 19, 30, 11, 0, 52, 11, 16, 15, 57, 48, 3, 48, 17, 24, 59, 20, 28, 49]
[46, 58, 51, 26, 1, 26, 64, 34, 59, 37, 49, 35, 30, 36, 33, 33, 11, 36, 19, 50, 16, 44, 34, 22, 63, 50, 10, 28, 23, 2, 60, 15, 62, 32, 8, 32, 38, 54, 17, 18, 26, 13, 5, 11, 50, 34, 2, 26, 42, 40, 14, 1, 32, 33, 65, 22, 6, 18, 34, 10, 40, 21, 5, 41, 31, 59, 36, 32, 0, 61, 50, 27, 64, 18, 53, 16, 57, 42, 30, 58, 54, 37, 30, 8, 53, 2, 12, 2, 1, 39, 39, 16, 1, 6, 23, 66, 5, 66, 63, 66, 60, 34, 57, 16, 1, 10, 31]
[29, 27, 60, 3, 62, 14, 0, 20, 48, 5, 3, 22, 44, 33, 5, 49, 24, 19, 4, 33, 29, 25, 41, 18, 60, 14, 23, 17, 42, 0, 17, 5, 5, 36, 3, 26, 63, 39, 61, 23, 45, 29, 55, 7, 48, 15, 22, 34, 35, 2, 10, 21, 7, 66, 41, 18, 17, 56, 39, 51, 31, 5, 24, 31, 55, 52, 19, 7, 62, 51, 63, 61, 26, 24, 17, 37, 65, 41, 29, 6, 29, 38, 39, 35, 21, 55, 0, 17, 34, 66, 11, 65, 6, 49, 49, 3, 5, 38, 63, 62, 60, 62, 23, 56, 66, 50, 8]
[61, 8, 4, 37, 7, 55, 59, 6, 36, 36, 65, 59, 62, 25, 0, 34, 53, 60, 66, 9, 39, 35, 47, 58, 36, 50, 57, 59, 29, 35, 12, 53, 46, 64, 63, 3, 42, 26, 5, 1, 33, 49, 41, 22, 18, 44, 36, 25, 19, 6, 4, 42, 32, 21, 56, 25, 24, 10, 64, 52, 5, 65, 40, 14, 49, 29, 19, 9, 47, 43, 31, 23, 62, 35, 41, 56, 10, 64, 36, 7, 14, 65, 38, 65, 30, 30, 46, 0, 7, 12, 32, 52, 16, 21, 13, 55, 63, 61, 42, 62, 45, 51, 49, 63, 46, 41, 25]
[40, 66, 47, 28, 19, 44, 52, 38, 47, 2, 54, 54, 30, 45, 27, 44, 47, 56, 45, 30, 5, 16, 14, 10, 36, 59, 43, 9, 19, 55, 3, 48, 30, 66, 25, 65, 49, 40, 42, 27, 11, 7, 6, 62, 24, 37, 9, 40, 31, 38, 44, 65, 16, 21, 30, 17, 23, 55, 39, 41, 23, 58, 8, 20, 24, 54, 49, 47, 64, 8, 26, 13, 15, 22, 24, 11, 59, 6, 65, 33, 31, 54, 19, 27, 12, 66, 1, 28, 7, 35, 42, 6, 51, 65, 53, 31, 40, 40, 16, 15, 8, 63, 65, 10, 58, 4, 18]
[58, 27, 58, 4, 43, 19, 26, 58, 21, 7, 30, 33, 7, 38, 46, 16, 30, 4, 45, 60, 61, 12, 35, 50, 48, 61, 40, 64, 38, 44, 66, 28, 61, 57, 36, 23, 57, 47, 0, 27, 39, 22, 34, 20, 17, 24, 17, 46, 36, 50, 0, 48, 6, 44, 34, 14, 62, 31, 34, 0, 59, 65, 35, 64, 0, 45, 55, 46, 40, 43, 8, 9, 65, 18, 27, 27, 15, 35, 59, 34, 56, 26, 24, 29, 63, 45, 22, 6, 62, 34, 51, 56, 53, 29, 8, 22, 56, 2, 31, 24, 35, 33, 48, 23, 55, 33, 49]
[36, 53, 60, 60, 59, 6, 65, 50, 56, 50, 29, 40, 23, 33, 28, 12, 13, 9, 63, 59, 17, 51, 33, 11, 39, 25, 43, 60, 3, 25, 13, 48, 65, 1, 38, 45, 44, 21, 13, 50, 0, 38, 20, 16, 54, 11, 38, 24, 21, 36, 53, 30, 20, 34, 48, 53, 9, 30, 50, 50, 12, 13, 60, 45, 47, 41, 0, 19, 36, 9, 19, 34, 60, 40, 31, 36, 62, 6, 33, 29, 0, 30, 54, 52, 36, 57, 9, 2, 22, 54, 23, 33, 11, 20, 2, 12, 49, 28, 61, 59, 46, 0, 33, 20, 25, 23, 42]
[45, 17, 0, 61, 43, 40, 41, 2, 46, 31, 5, 24, 32, 62, 45, 52, 42, 42, 46, 25, 34, 26, 33, 54, 55, 3, 56, 52, 46, 18, 54, 65, 2, 11, 17, 62, 21, 66, 23, 34, 64, 49, 47, 8, 13, 37, 37, 65, 18, 17, 9, 4, 60, 20, 40, 5, 1, 12, 50, 42, 36, 9, 56, 46, 3, 20, 14, 1, 64, 1, 6, 31, 42, 51, 63, 27, 36, 25, 34, 58, 5, 0, 44, 60, 65, 12, 50, 5, 4, 47, 24, 58, 13, 37, 0, 0, 9, 32, 22, 44, 10, 34, 54, 46, 25, 2, 29]
[10, 16, 43, 6, 24, 21, 64, 19, 20, 32, 17, 44, 56, 1, 64, 28, 17, 9, 47, 19, 22, 20, 34, 48, 66, 4, 47, 64, 45, 30, 65, 42, 54, 23, 50, 8, 1, 3, 52, 48, 4, 9, 62, 10, 19, 51, 27, 42, 45, 7, 29, 40, 48, 25, 7, 27, 29, 31, 22, 33, 52, 7, 28, 54, 20, 10, 35, 11, 50, 1, 14, 4, 40, 21, 5, 21, 21, 5, 43, 6, 40, 63, 20, 53, 5, 34, 13, 27, 11, 5, 55, 40, 0, 51, 35, 4, 32, 63, 57, 5, 59, 65, 49, 55, 41, 34, 37]
[16, 44, 59, 14, 51, 24, 60, 27, 66, 57, 20, 46, 46, 57, 32, 33, 14, 44, 47, 4, 39, 36, 17, 30, 3, 8, 25, 55, 9, 56, 13, 29, 5, 5, 8, 1, 58, 21, 7, 17, 20, 44, 39, 14, 10, 40, 35, 24, 23, 66, 33, 27, 53, 25, 16, 42, 58, 5, 42, 55, 49, 26, 54, 23, 66, 66, 60, 20, 50, 8, 14, 12, 22, 48, 56, 14, 27, 26, 3, 4, 22, 51, 41, 65, 5, 10, 42, 8, 40, 47, 15, 21, 46, 62, 25, 0, 46, 64, 43, 11, 26, 25, 19, 60, 22, 3, 44]
[58, 28, 0, 24, 35, 65, 47, 63, 50, 27, 23, 23, 64, 17, 32, 54, 18, 32, 31, 52, 47, 24, 43, 22, 12, 6, 61, 65, 64, 54, 3, 34, 37, 1, 41, 26, 60, 13, 6, 25, 21, 2, 50, 42, 25, 65, 21, 9, 51, 21, 25, 10, 52, 30, 41, 13, 8, 48, 54, 9, 21, 42, 18, 1, 56, 7, 38, 59, 1, 15, 9, 62, 45, 25, 65, 56, 53, 49, 18, 53, 5, 57, 6, 24, 13, 38, 35, 16, 44, 9, 62, 5, 38, 0, 28, 43, 35, 34, 50, 51, 17, 31, 25, 12, 39, 49, 9]
[19, 10, 39, 23, 60, 35, 57, 39, 5, 21, 54, 20, 0, 36, 43, 5, 64, 1, 45, 33, 47, 46, 51, 21, 2, 5, 45, 38, 4, 57, 59, 8, 12, 48, 51, 35, 12, 66, 41, 58, 29, 10, 47, 26, 24, 6, 52, 50, 3, 4, 65, 15, 4, 56, 4, 51, 20, 62, 66, 46, 7, 24, 44, 43, 58, 12, 12, 53, 24, 26, 17, 3, 58, 34, 40, 45, 62, 43, 55, 44, 3, 9, 56, 61, 31, 62, 5, 32, 30, 39, 65, 0, 9, 25, 34, 12, 35, 41, 53, 9, 18, 0, 52, 16, 46, 2, 48]
[20, 27, 22, 44, 20, 24, 33, 10, 5, 44, 48, 39, 53, 39, 0, 35, 65, 57, 25, 23, 40, 13, 29, 49, 12, 57, 56, 20, 56, 59, 25, 49, 52, 66, 30, 39, 36, 64, 28, 27, 6, 38, 32, 33, 21, 16, 27, 12, 57, 13, 35, 62, 3, 63, 36, 32, 33, 19, 62, 41, 14, 1, 52, 27, 44, 64, 5, 58, 11, 35, 1, 51, 61, 5, 28, 63, 63, 65, 10, 45, 16, 42, 13, 15, 6, 50, 63, 53, 43, 12, 53, 66, 16, 58, 61, 56, 39, 43, 27, 9, 59, 39, 49, 16, 63, 17, 19]
[7, 25, 37, 33, 14, 41, 60, 49, 52, 32, 59, 32, 36, 18, 15, 52, 35, 51, 11, 12, 42, 20, 66, 14, 56, 36, 59, 30, 46, 58, 15, 41, 20, 2, 4, 50, 55, 15, 44, 50, 22, 33, 10, 62, 55, 35, 47, 59, 39, 25, 39, 47, 49, 15, 24, 27, 29, 53, 16, 41, 36, 29, 42, 15, 8, 36, 11, 10, 3, 38, 39, 13, 13, 0, 14, 60, 11, 8, 47, 41, 7, 43, 29, 50, 11, 1, 65, 26, 38, 62, 60, 63, 6, 39, 16, 59, 44, 49, 9, 63, 20, 24, 44, 27, 63, 47, 26]
[17, 18, 58, 25, 21, 4, 61, 7, 63, 31, 53, 15, 53, 45, 44, 34, 51, 51, 44, 12, 21, 32, 56, 21, 20, 54, 53, 22, 13, 49, 8, 65, 58, 9, 50, 44, 38, 25, 45, 9, 63, 19, 53, 38, 15, 62, 28, 5, 15, 60, 35, 7, 16, 39, 60, 66, 52, 43, 46, 27, 44, 4, 16, 12, 7, 26, 29, 12, 6, 28, 48, 11, 39, 64, 57, 60, 52, 21, 9, 28, 9, 8, 49, 60, 38, 44, 43, 58, 61, 1, 57, 29, 35, 40, 33, 9, 46, 56, 62, 43, 34, 58, 62, 10, 8, 62, 51]
[60, 2, 19, 66, 46, 48, 20, 7, 46, 55, 44, 64, 41, 35, 0, 23, 62, 37, 23, 9, 35, 50, 21, 31, 14, 40, 3, 61, 27, 41, 55, 50, 22, 9, 55, 46, 6, 37, 40, 21, 10, 30, 55, 48, 48, 52, 4, 63, 18, 40, 20, 17, 62, 32, 26, 14, 63, 46, 0, 57, 45, 30, 9, 0, 49, 63, 11, 52, 39, 9, 46, 10, 22, 53, 8, 0, 7, 22, 1, 64, 55, 32, 50, 19, 49, 44, 15, 37, 10, 24, 48, 47, 52, 46, 0, 14, 11, 66, 63, 4, 51, 52, 9, 48, 30, 37, 57]
[59, 30, 24, 49, 41, 59, 33, 54, 48, 45, 2, 44, 12, 53, 48, 30, 52, 31, 24, 35, 15, 14, 7, 63, 17, 9, 16, 61, 59, 40, 42, 34, 6, 2, 33, 0, 7, 0, 26, 32, 25, 53, 20, 42, 54, 33, 46, 62, 39, 4, 5, 11, 60, 56, 57, 19, 43, 7, 50, 61, 58, 32, 59, 7, 59, 61, 59, 36, 14, 55, 23, 20, 28, 12, 56, 56, 39, 63, 51, 60, 47, 42, 30, 5, 9, 25, 30, 59, 12, 61, 16, 11, 25, 60, 2, 1, 31, 14, 61, 54, 0, 65, 9, 31, 13, 16, 6]
[64, 52, 19, 27, 31, 45, 26, 62, 43, 45, 60, 19, 8, 53, 39, 41, 62, 25, 63, 57, 59, 14, 3, 58, 40, 19, 59, 13, 26, 61, 25, 60, 12, 5, 49, 35, 30, 51, 48, 52, 16, 45, 26, 27, 48, 31, 53, 33, 66, 8, 57, 16, 11, 45, 19, 59, 5, 13, 26, 63, 57, 11, 29, 8, 19, 40, 44, 43, 66, 6, 24, 60, 18, 45, 0, 6, 25, 49, 46, 52, 4, 29, 24, 13, 23, 61, 42, 1, 2, 20, 30, 59, 46, 5, 31, 36, 46, 51, 38, 7, 13, 6, 57, 41, 27, 64, 2]
[39, 47, 50, 34, 4, 22, 31, 57, 36, 51, 12, 31, 40, 4, 25, 35, 32, 43, 12, 35, 50, 7, 10, 6, 4, 9, 39, 55, 12, 45, 1, 64, 49, 11, 17, 21, 29, 50, 21, 54, 22, 56, 57, 31, 45, 1, 16, 23, 50, 57, 5, 4, 51, 13, 39, 63, 36, 60, 39, 29, 6, 43, 9, 57, 23, 53, 54, 3, 28, 30, 33, 46, 52, 11, 37, 13, 13, 18, 38, 12, 28, 19, 44, 10, 11, 20, 4, 38, 43, 7, 39, 31, 14, 29, 22, 65, 24, 32, 58, 66, 43, 15, 3, 56, 0, 21, 39]
[2, 31, 31, 50, 31, 28, 0, 22, 19, 29, 61, 40, 52, 1, 12, 11, 61, 14, 33, 54, 31, 24, 17, 43, 4, 66, 65, 37, 32, 66, 66, 21, 66, 50, 20, 20, 28, 10, 62, 46, 48, 20, 10, 6, 28, 50, 51, 55, 13, 49, 26, 38, 44, 6, 12, 33, 57, 34, 10, 2, 27, 66, 8, 64, 54, 45, 44, 42, 22, 30, 16, 14, 1, 2, 52, 7, 39, 32, 42, 34, 10, 49, 39, 66, 50, 21, 34, 6, 64, 5, 34, 50, 12, 65, 52, 56, 58, 37, 9, 30, 51, 58, 5, 51, 14, 60, 11]
[47, 40, 24, 35, 15, 25, 23, 30, 61, 41, 40, 37, 18, 37, 38, 36, 37, 28, 11, 66, 41, 38, 17, 60, 33, 14, 0, 14, 0, 23, 37, 37, 35, 12, 2, 4, 28, 20, 52, 61, 33, 27, 1, 27, 19, 7, 63, 34, 45, 1, 33, 10, 28, 31, 20, 51, 0, 62, 12, 24, 59, 60, 35, 31, 50, 33, 20, 40, 23, 65, 7, 40, 59, 35, 11, 34, 0, 64, 4, 35, 25, 14, 35, 16, 3, 21, 52, 6, 9, 38, 49, 27, 30, 37, 18, 44, 1, 9, 59, 52, 47, 30, 11, 5, 26, 39, 31]
[28, 32, 14, 57, 36, 26, 15, 4, 34, 17, 60, 24, 65, 8, 42, 39, 4, 31, 40, 17, 23, 18, 5, 47, 31, 53, 20, 15, 41, 39, 26, 45, 45, 3, 40, 63, 39, 60, 3, 13, 3, 26, 45, 43, 6, 39, 18, 0, 36, 59, 28, 42, 29, 4, 31, 6, 45, 54, 44, 1, 56, 22, 23, 4, 24, 64, 45, 2, 42, 47, 59, 9, 8, 34, 36, 66, 55, 30, 14, 60, 50, 55, 33, 50, 51, 18, 48, 38, 49, 34, 22, 64, 38, 18, 4, 55, 66, 4, 11, 4, 1, 40, 4, 10, 34, 54, 49]
[25, 43, 57, 4, 63, 40, 61, 2, 65, 50, 57, 40, 20, 50, 4, 54, 7, 10, 5, 20, 21, 58, 46, 17, 12, 7, 41, 4, 24, 49, 25, 54, 23, 7, 56, 37, 6, 25, 3, 4, 40, 6, 50, 51, 2, 29, 29, 57, 38, 16, 17, 1, 37, 31, 25, 17, 45, 64, 59, 56, 8, 24, 39, 16, 63, 29, 35, 63, 29, 43, 26, 66, 23, 16, 31, 38, 59, 3, 23, 18, 36, 31, 12, 34, 57, 7, 16, 32, 35, 56, 10, 10, 62, 58, 23, 32, 4, 49, 1, 53, 17, 51, 8, 6, 6, 66, 28]
[1, 51, 31, 22, 57, 12, 52, 13, 57, 13, 13, 57, 18, 17, 27, 53, 31, 39, 30, 29, 62, 43, 1, 39, 62, 59, 40, 10, 22, 20, 53, 25, 15, 15, 11, 21, 18, 38, 58, 56, 49, 15, 28, 31, 1, 41, 33, 61, 59, 22, 27, 59, 0, 40, 55, 33, 15, 28, 15, 20, 1, 62, 18, 50, 47, 31, 66, 49, 53, 41, 47, 17, 37, 25, 2, 3, 30, 51, 55, 57, 25, 64, 17, 23, 22, 2, 8, 35, 45, 14, 55, 15, 52, 9, 58, 35, 6, 12, 61, 15, 52, 60, 37, 24, 58, 48, 2]
[2, 46, 18, 61, 14, 40, 41, 40, 18, 54, 29, 0, 1, 29, 54, 41, 51, 10, 12, 53, 66, 48, 41, 13, 26, 28, 42, 39, 12, 2, 54, 65, 28, 9, 54, 11, 66, 9, 45, 58, 10, 45, 0, 25, 24, 48, 8, 2, 32, 39, 65, 32, 13, 27, 11, 40, 37, 30, 42, 56, 63, 31, 53, 13, 62, 34, 36, 8, 36, 19, 2, 22, 38, 2, 18, 19, 30, 66, 40, 18, 10, 64, 54, 1, 53, 23, 3, 17, 54, 62, 5, 12, 4, 52, 8, 0, 49, 18, 25, 0, 28, 53, 54, 38, 60, 52, 60]
[13, 32, 26, 8, 56, 62, 56, 6, 63, 16, 45, 57, 25, 8, 9, 35, 42, 50, 35, 65, 66, 35, 51, 21, 3, 63, 58, 24, 48, 24, 19, 65, 55, 2, 47, 14, 5, 34, 53, 51, 14, 7, 57, 41, 30, 21, 14, 62, 14, 64, 35, 20, 65, 44, 46, 23, 14, 14, 65, 33, 6, 51, 26, 2, 59, 9, 42, 60, 22, 0, 42, 56, 40, 17, 18, 40, 66, 5, 6, 27, 21, 35, 15, 29, 28, 26, 22, 5, 49, 36, 29, 63, 51, 36, 13, 54, 60, 26, 31, 34, 19, 27, 11, 7, 34, 51, 50]
[29, 38, 57, 50, 16, 10, 32, 15, 31, 51, 19, 32, 18, 32, 56, 18, 33, 29, 48, 5, 37, 34, 23, 65, 41, 66, 39, 41, 52, 4, 40, 7, 41, 27, 24, 57, 4, 2, 2, 63, 66, 66, 1, 7, 4, 36, 51, 60, 41, 14, 37, 27, 4, 43, 35, 62, 22, 38, 42, 51, 27, 64, 23, 39, 50, 53, 28, 60, 6, 3, 3, 66, 23, 11, 0, 10, 21, 39, 24, 1, 2, 51, 66, 66, 32, 26, 40, 0, 25, 32, 63, 3, 47, 14, 54, 61, 10, 33, 58, 7, 58, 58, 12, 57, 61, 53, 51]
[33, 51, 53, 54, 57, 23, 41, 61, 41, 61, 33, 5, 43, 65, 40, 22, 32, 39, 58, 3, 33, 8, 65, 38, 10, 18, 62, 3, 21, 20, 17, 11, 64, 0, 41, 23, 51, 36, 15, 38, 42, 6, 21, 26, 6, 5, 1, 64, 6, 29, 62, 64, 33, 6, 25, 0, 18, 64, 56, 29, 23, 41, 26, 8, 9, 36, 60, 31, 23, 59, 66, 52, 51, 38, 36, 14, 3, 29, 4, 63, 47, 21, 11, 39, 45, 8, 25, 13, 52, 56, 27, 54, 38, 33, 54, 61, 49, 60, 40, 55, 30, 22, 62, 58, 38, 60, 38]
[18, 6, 55, 57, 2, 60, 63, 23, 16, 7, 12, 7, 60, 63, 1, 22, 26, 9, 28, 4, 60, 49, 10, 41, 45, 45, 31, 25, 34, 21, 57, 14, 8, 45, 49, 38, 64, 26, 41, 48, 64, 35, 35, 6, 54, 24, 8, 45, 54, 45, 60, 2, 39, 49, 55, 44, 26, 39, 0, 55, 11, 7, 44, 8, 6, 9, 10, 56, 5, 63, 2, 37, 37, 3, 27, 15, 28, 15, 26, 13, 56, 2, 51, 14, 20, 13, 51, 59, 22, 31, 46, 30, 25, 65, 47, 53, 46, 9, 17, 34, 52, 43, 60, 54, 45, 34, 22]
[46, 22, 44, 9, 39, 60, 65, 56, 65, 1, 39, 61, 50, 51, 8, 14, 39, 46, 14, 17, 23, 15, 30, 11, 21, 24, 45, 8, 45, 56, 6, 60, 50, 7, 18, 3, 15, 33, 1, 42, 41, 11, 51, 57, 62, 19, 14, 29, 63, 58, 16, 5, 26, 34, 21, 0, 40, 55, 28, 26, 45, 38, 14, 13, 49, 29, 20, 7, 10, 30, 4, 26, 13, 29, 46, 1, 17, 32, 30, 33, 10, 24, 24, 17, 49, 60, 2, 17, 32, 14, 59, 15, 33, 21, 58, 13, 29, 29, 12, 25, 24, 30, 10, 1, 18, 29, 61]
[66, 22, 50, 20, 3, 10, 23, 8, 18, 0, 26, 66, 33, 1, 19, 2, 20, 19, 40, 7, 66, 31, 0, 23, 59, 59, 23, 18, 44, 11, 4, 11, 9, 4, 43, 21, 11, 2, 65, 51, 46, 1, 23, 46, 41, 65, 23, 62, 8, 2, 23, 29, 13, 41, 34, 44, 11, 61, 21, 5, 50, 43, 31, 58, 22, 4, 26, 44, 4, 33, 59, 41, 63, 54, 39, 30, 15, 13, 50, 29, 35, 22, 5, 3, 56, 19, 13, 57, 6, 30, 66, 46, 14, 64, 51, 5, 6, 25, 0, 1, 48, 36, 66, 0, 25, 50, 53]
[18, 16, 24, 65, 5, 24, 61, 57, 45, 34, 26, 16, 17, 48, 44, 7, 53, 24, 62, 41, 53, 48, 44, 12, 18, 10, 31, 54, 9, 23, 25, 38, 22, 54, 59, 24, 29, 56, 48, 14, 42, 12, 66, 55, 62, 19, 63, 37, 21, 14, 66, 20, 56, 61, 2, 10, 39, 32, 60, 66, 2, 22, 12, 8, 27, 9, 49, 32, 54, 18, 3, 45, 28, 39, 2, 51, 8, 60, 40, 6, 30, 19, 26, 47, 6, 41, 51, 63, 8, 37, 12, 59, 7, 17, 1, 17, 25, 66, 16, 61, 39, 43, 61, 18, 39, 47, 54]
[28, 39, 7, 36, 18, 40, 51, 32, 34, 32, 25, 27, 15, 29, 56, 30, 54, 61, 37, 28, 6, 36, 5, 21, 11, 14, 10, 23, 60, 10, 38, 51, 23, 33, 6, 21, 55, 55, 64, 26, 0, 22, 38, 9, 59, 58, 31, 19, 63, 7, 41, 57, 39, 44, 19, 29, 58, 23, 23, 61, 64, 61, 38, 44, 28, 27, 61, 64, 26, 62, 45, 16, 33, 1, 25, 43, 44, 38, 25, 38, 27, 7, 48, 45, 47, 10, 27, 2, 7, 33, 1, 55, 21, 41, 64, 33, 52, 38, 58, 54, 53, 30, 7, 36, 44, 6, 10]
[35, 27, 38, 14, 12, 38, 14, 59, 42, 9, 0, 44, 59, 31, 26, 49, 59, 37, 38, 65, 62, 13, 41, 25, 24, 66, 4, 9, 42, 15, 38, 58, 53, 54, 19, 55, 11, 7, 11, 61, 32, 12, 34, 63, 20, 46, 55, 59, 5, 54, 6, 17, 1, 49, 15, 1, 26, 55, 21, 42, 32, 23, 42, 37, 56, 7, 11, 65, 55, 53, 41, 30, 56, 41, 10, 18, 58, 34, 57, 5, 3, 56, 41, 33, 58, 23, 58, 9, 57, 53, 12, 37, 61, 15, 24, 6, 36, 36, 59, 31, 60, 32, 53, 18, 47, 37, 57]
[32, 53, 64, 8, 14, 58, 11, 6, 0, 27, 52, 11, 51, 47, 15, 22, 56, 62, 66, 21, 58, 13, 46, 64, 54, 22, 37, 66, 17, 18, 53, 40, 39, 65, 5, 36, 23, 47, 31, 20, 43, 1, 46, 64, 23, 23, 47, 19, 47, 28, 7, 48, 24, 14, 1, 26, 55, 62, 17, 32, 17, 8, 45, 52, 62, 11, 59, 25, 32, 33, 17, 62, 63, 20, 45, 29, 19, 11, 47, 38, 13, 14, 23, 9, 2, 8, 58, 8, 3, 33, 8, 54, 34, 14, 60, 19, 57, 43, 36, 64, 55, 45, 27, 65, 49, 42, 58]
[8, 46, 16, 59, 58, 54, 57, 3, 2, 35, 58, 51, 3, 18, 42, 33, 17, 43, 19, 5, 30, 28, 54, 9, 22, 13, 42, 65, 37, 12, 43, 22, 63, 37, 20, 54, 11, 31, 58, 7, 16, 7, 51, 21, 22, 50, 62, 39, 55, 32, 7, 24, 54, 21, 32, 62, 21, 50, 12, 23, 4, 44, 12, 17, 49, 27, 48, 52, 61, 63, 54, 16, 33, 36, 57, 20, 20, 45, 59, 56, 6, 26, 35, 53, 23, 22, 27, 13, 52, 28, 25, 64, 14, 44, 9, 10, 53, 34, 31, 10, 29, 16, 30, 32, 30, 43, 41]
[63, 53, 27, 33, 34, 38, 16, 38, 52, 43, 25, 10, 49, 59, 27, 34, 3, 23, 20, 1, 56, 42, 6, 55, 51, 3, 44, 11, 6, 39, 3, 39, 22, 48, 6, 30, 53, 41, 26, 13, 4, 49, 57, 57, 34, 3, 33, 51, 41, 9, 30, 26, 26, 46, 3, 24, 13, 46, 16, 2, 32, 39, 17, 6, 18, 32, 25, 31, 5, 55, 43, 62, 12, 35, 46, 2, 40, 53, 12, 59, 10, 4, 16, 25, 41, 40, 3, 8, 15, 12, 44, 16, 62, 41, 63, 25, 1, 61, 11, 39, 61, 4, 12, 46, 18, 24, 46]
[60, 62, 45, 15, 52, 5, 33, 54, 4, 38, 9, 23, 31, 38, 64, 16, 51, 41, 5, 28, 25, 49, 6, 52, 45, 43, 63, 56, 31, 43, 3, 5, 25, 15, 14, 28, 7, 26, 44, 9, 33, 32, 8, 44, 24, 16, 11, 61, 46, 19, 29, 28, 47, 9, 52, 66, 7, 12, 20, 37, 1, 15, 9, 43, 11, 52, 59, 20, 61, 28, 12, 51, 64, 56, 17, 63, 25, 60, 55, 18, 18, 19, 6, 23, 39, 66, 32, 11, 19, 9, 33, 9, 48, 13, 55, 6, 58, 1, 22, 38, 48, 26, 26, 2, 44, 63, 0]
[45, 5, 4, 53, 64, 18, 19, 24, 56, 54, 48, 1, 39, 6, 55, 22, 10, 64, 15, 64, 28, 63, 58, 42, 40, 22, 37, 19, 64, 3, 38, 12, 23, 39, 29, 5, 55, 49, 53, 0, 23, 61, 63, 60, 5, 36, 65, 48, 52, 61, 10, 60, 10, 9, 66, 59, 25, 0, 27, 39, 40, 7, 52, 61, 18, 41, 12, 65, 55, 55, 56, 3, 24, 55, 24, 24, 17, 40, 54, 31, 32, 48, 34, 65, 47, 54, 11, 17, 35, 41, 64, 61, 13, 8, 48, 66, 54, 63, 40, 63, 11, 25, 7, 45, 32, 27, 52]
[13, 44, 59, 1, 14, 47, 17, 66, 36, 63, 13, 45, 36, 26, 19, 8, 14, 20, 57, 5, 40, 33, 25, 11, 7, 12, 23, 58, 60, 62, 64, 50, 23, 25, 59, 39, 44, 16, 0, 31, 3, 44, 38, 54, 32, 3, 14, 27, 38, 9, 57, 43, 45, 46, 44, 39, 48, 34, 38, 47, 38, 30, 21, 43, 51, 36, 1, 29, 31, 4, 40, 1, 58, 46, 39, 27, 16, 14, 20, 59, 50, 13, 37, 31, 62, 5, 58, 32, 20, 2, 53, 3, 55, 29, 9, 19, 62, 31, 48, 22, 39, 28, 27, 35, 38, 29, 23]
[57, 5, 23, 0, 36, 18, 9, 63, 0, 23, 39, 0, 64, 47, 58, 6, 42, 46, 49, 24, 42, 49, 9, 8, 16, 34, 60, 19, 26, 34, 33, 11, 36, 10, 2, 55, 38, 11, 28, 3, 44, 50, 6, 8, 41, 32, 42, 49, 47, 21, 45, 53, 10, 31, 22, 63, 7, 33, 13, 27, 49, 58, 35, 30, 3, 26, 47, 11, 45, 59, 18, 51, 56, 57, 31, 2, 62, 20, 45, 5, 59, 19, 53, 36, 63, 0, 65, 60, 45, 37, 54, 16, 54, 54, 58, 62, 29, 1, 51, 45, 48, 49, 16, 15, 8, 41, 61]
[4, 6, 4, 44, 55, 8, 37, 14, 10, 66, 23, 63, 44, 12, 64, 66, 55, 46, 27, 38, 23, 30, 26, 51, 32, 17, 24, 9, 34, 44, 46, 54, 23, 57, 17, 39, 5, 26, 36, 28, 9, 21, 43, 44, 21, 23, 63, 6, 10, 65, 39, 9, 44, 5, 24, 2, 21, 45, 59, 36, 7, 59, 66, 63, 56, 66, 28, 54, 5, 40, 55, 16, 35, 64, 16, 52, 13, 61, 30, 13, 38, 34, 51, 6, 65, 31, 30, 39, 14, 4, 36, 53, 21, 62, 49, 5, 25, 14, 22, 22, 14, 12, 18, 33, 16, 17, 26]
[15, 19, 18, 9, 13, 27, 43, 24, 13, 63, 22, 19, 60, 15, 17, 11, 55, 39, 39, 54, 14, 13, 64, 4, 63, 31, 20, 53, 21, 12, 45, 52, 40, 43, 8, 52, 2, 22, 37, 31, 28, 53, 62, 36, 33, 31, 52, 48, 51, 14, 13, 35, 32, 58, 47, 21, 61, 25, 57, 17, 45, 49, 59, 48, 34, 28, 41, 61, 36, 40, 56, 23, 21, 42, 62, 52, 18, 56, 10, 2, 60, 50, 7, 26, 53, 24, 66, 38, 47, 18, 1, 14, 2, 46, 62, 2, 19, 47, 39, 55, 24, 51, 51, 62, 62, 21, 14]
[63, 59, 6, 40, 47, 29, 26, 45, 22, 48, 3, 39, 53, 29, 62, 63, 55, 64, 38, 62, 31, 50, 48, 59, 49, 15, 62, 57, 55, 46, 58, 47, 10, 36, 30, 57, 29, 44, 33, 32, 11, 4, 6, 0, 37, 43, 62, 44, 47, 54, 50, 40, 4, 12, 66, 17, 31, 35, 13, 62, 39, 26, 9, 15, 15, 37, 60, 8, 18, 19, 20, 24, 63, 4, 50, 6, 20, 2, 3, 28, 4, 32, 32, 27, 15, 29, 50, 38, 25, 26, 21, 26, 1, 33, 17, 18, 22, 39, 39, 33, 57, 39, 42, 33, 13, 1, 2]
[12, 41, 49, 15, 9, 9, 24, 55, 16, 26, 37, 14, 19, 59, 48, 50, 0, 56, 3, 4, 14, 49, 39, 8, 29, 57, 42, 3, 38, 5, 32, 49, 62, 51, 42, 19, 20, 17, 13, 45, 57, 41, 37, 6, 17, 19, 30, 5, 26, 52, 0, 1, 29, 27, 47, 62, 37, 63, 5, 14, 5, 29, 60, 23, 17, 48, 38, 53, 48, 46, 56, 47, 14, 15, 13, 43, 61, 39, 33, 58, 31, 33, 33, 32, 38, 41, 8, 62, 19, 0, 49, 66, 44, 8, 64, 44, 30, 51, 59, 43, 22, 20, 4, 47, 20, 26, 57]
[43, 24, 39, 55, 32, 64, 55, 62, 7, 22, 65, 40, 45, 16, 13, 57, 54, 23, 44, 55, 15, 36, 5, 53, 23, 26, 16, 18, 19, 15, 31, 3, 6, 45, 25, 10, 53, 33, 26, 45, 66, 55, 2, 62, 11, 53, 21, 37, 30, 64, 4, 55, 28, 16, 11, 29, 8, 52, 28, 21, 29, 11, 33, 66, 39, 42, 59, 50, 20, 13, 54, 53, 4, 7, 51, 4, 4, 42, 59, 59, 59, 54, 15, 58, 33, 19, 53, 13, 37, 58, 4, 60, 25, 24, 26, 36, 23, 36, 30, 43, 0, 54, 23, 12, 39, 22, 60]
[58, 6, 42, 30, 7, 51, 9, 16, 19, 20, 26, 26, 36, 46, 31, 49, 61, 48, 9, 37, 61, 28, 29, 6, 47, 53, 10, 21, 31, 36, 27, 21, 15, 63, 52, 24, 35, 20, 26, 29, 37, 56, 7, 53, 1, 42, 36, 2, 11, 50, 62, 17, 17, 1, 61, 64, 21, 6, 49, 19, 27, 48, 22, 60, 29, 58, 19, 20, 32, 5, 6, 58, 22, 52, 5, 21, 34, 9, 47, 35, 12, 19, 34, 44, 42, 63, 30, 62, 29, 49, 47, 60, 43, 28, 32, 42, 45, 12, 40, 1, 41, 39, 19, 47, 45, 20, 25]
[17, 39, 45, 62, 60, 27, 52, 62, 11, 41, 46, 49, 6, 4, 46, 57, 58, 18, 65, 37, 11, 65, 14, 17, 10, 65, 33, 18, 13, 16, 19, 29, 20, 19, 47, 36, 63, 22, 57, 61, 58, 49, 32, 61, 41, 31, 25, 64, 44, 34, 45, 50, 49, 29, 53, 29, 0, 4, 56, 46, 63, 54, 14, 26, 31, 7, 33, 37, 66, 14, 53, 3, 32, 10, 36, 25, 38, 29, 58, 16, 64, 29, 20, 38, 9, 50, 52, 40, 41, 52, 47, 28, 27, 60, 19, 32, 7, 51, 26, 58, 36, 39, 33, 23, 34, 10, 47]
[24, 9, 9, 25, 6, 65, 47, 61, 30, 19, 57, 18, 30, 20, 22, 42, 62, 56, 33, 23, 33, 19, 13, 5, 3, 66, 50, 64, 52, 34, 60, 22, 10, 25, 28, 64, 22, 47, 11, 62, 34, 16, 33, 13, 47, 42, 53, 18, 27, 18, 39, 9, 60, 22, 35, 0, 25, 45, 61, 42, 17, 66, 32, 34, 31, 13, 44, 41, 46, 35, 59, 12, 32, 36, 43, 20, 61, 59, 12, 37, 59, 61, 30, 27, 31, 4, 44, 45, 10, 40, 21, 54, 39, 59, 47, 45, 62, 11, 45, 53, 65, 4, 51, 52, 23, 4, 17]
[43, 54, 30, 3, 11, 4, 7, 37, 56, 20, 30, 1, 24, 34, 36, 29, 12, 30, 21, 61, 51, 63, 11, 45, 21, 45, 55, 36, 59, 31, 24, 13, 60, 61, 6, 17, 3, 27, 52, 49, 48, 16, 51, 9, 11, 49, 39, 22, 54, 59, 36, 63, 43, 12, 56, 45, 40, 13, 30, 60, 60, 31, 56, 48, 19, 4, 61, 33, 34, 13, 52, 32, 12, 5, 57, 48, 35, 62, 23, 40, 24, 38, 22, 32, 58, 48, 43, 12, 18, 52, 29, 2, 12, 59, 33, 61, 56, 20, 43, 24, 53, 49, 35, 41, 54, 50, 66]
[45, 52, 51, 33, 61, 20, 40, 26, 46, 17, 20, 21, 33, 44, 58, 40, 31, 48, 35, 51, 25, 3, 61, 4, 19, 57, 50, 5, 13, 0, 41, 64, 31, 57, 2, 57, 20, 49, 40, 30, 9, 32, 13, 24, 43, 2, 20, 57, 32, 46, 16, 49, 65, 24, 18, 66, 42, 34, 43, 41, 19, 17, 42, 1, 20, 48, 19, 1, 36, 38, 66, 62, 26, 25, 57, 18, 49, 8, 15, 63, 13, 59, 7, 61, 7, 3, 53, 25, 50, 40, 26, 6, 5, 64, 60, 46, 53, 49, 12, 24, 31, 59, 18, 62, 56, 58, 0]
[23, 35, 29, 21, 28, 32, 41, 63, 52, 53, 52, 31, 32, 21, 4, 18, 31, 23, 6, 58, 66, 32, 27, 23, 32, 53, 45, 59, 1, 66, 2, 46, 54, 5, 32, 3, 60, 57, 26, 15, 50, 0, 55, 11, 38, 41, 40, 10, 5, 63, 37, 61, 9, 64, 15, 16, 9, 12, 5, 1, 32, 65, 42, 21, 65, 44, 21, 60, 30, 20, 35, 36, 65, 65, 7, 65, 21, 62, 12, 56, 21, 14, 18, 46, 19, 37, 20, 43, 21, 53, 47, 26, 47, 39, 29, 45, 11, 34, 28, 55, 9, 34, 55, 21, 66, 50, 42]
[47, 20, 18, 30, 55, 36, 38, 24, 22, 59, 0, 5, 53, 50, 9, 26, 31, 39, 42, 47, 25, 62, 15, 34, 19, 7, 17, 35, 54, 58, 44, 26, 55, 55, 36, 30, 0, 24, 9, 55, 52, 62, 62, 4, 26, 14, 62, 38, 4, 24, 30, 54, 10, 24, 7, 55, 11, 49, 55, 37, 55, 17, 66, 12, 8, 60, 25, 58, 33, 44, 66, 34, 3, 32, 29, 7, 61, 19, 29, 60, 49, 35, 6, 41, 39, 44, 23, 57, 45, 32, 33, 26, 7, 43, 42, 6, 0, 63, 22, 24, 14, 33, 40, 63, 57, 21, 12]
[29, 26, 16, 30, 37, 17, 60, 57, 41, 0, 56, 62, 16, 50, 55, 57, 54, 47, 53, 33, 58, 59, 48, 41, 58, 12, 8, 37, 53, 30, 46, 31, 25, 12, 41, 36, 11, 57, 22, 33, 21, 48, 59, 15, 45, 58, 17, 20, 14, 19, 40, 8, 44, 26, 36, 2, 31, 14, 3, 26, 58, 39, 38, 53, 5, 0, 55, 49, 56, 5, 22, 52, 59, 26, 39, 49, 66, 12, 26, 65, 16, 34, 36, 6, 25, 43, 61, 57, 15, 47, 21, 17, 43, 41, 27, 46, 64, 23, 43, 50, 38, 28, 57, 22, 55, 65, 40]
[3, 40, 15, 39, 47, 15, 11, 21, 45, 56, 6, 39, 3, 61, 19, 40, 16, 0, 26, 64, 36, 8, 54, 35, 41, 7, 63, 31, 8, 27, 13, 44, 12, 52, 8, 1, 58, 60, 60, 34, 23, 0, 40, 7, 38, 35, 3, 47, 8, 14, 28, 24, 16, 18, 29, 49, 8, 17, 61, 54, 24, 38, 61, 62, 39, 31, 21, 32, 30, 23, 14, 60, 7, 4, 59, 16, 13, 23, 64, 3, 31, 64, 29, 16, 59, 48, 35, 49, 10, 4, 10, 56, 57, 25, 0, 49, 28, 18, 27, 48, 58, 21, 13, 47, 22, 12, 54]
[61, 35, 60, 49, 61, 24, 31, 60, 44, 42, 10, 46, 47, 38, 38, 32, 39, 47, 33, 5, 63, 30, 50, 9, 65, 17, 63, 34, 54, 65, 62, 10, 49, 32, 30, 30, 21, 31, 8, 8, 34, 33, 24, 59, 38, 5, 8, 45, 23, 24, 14, 52, 10, 53, 3, 27, 25, 58, 2, 31, 14, 46, 4, 3, 46, 51, 46, 28, 15, 62, 0, 42, 7, 25, 63, 44, 66, 17, 64, 66, 5, 3, 9, 54, 34, 43, 55, 47, 55, 13, 61, 17, 29, 30, 29, 64, 59, 43, 0, 51, 28, 35, 47, 49, 57, 4, 56]
[52, 19, 0, 61, 37, 43, 35, 48, 34, 27, 53, 45, 42, 25, 41, 32, 57, 18, 17, 11, 65, 35, 25, 66, 20, 25, 17, 56, 52, 39, 34, 14, 52, 42, 28, 25, 65, 43, 1, 33, 16, 57, 46, 53, 53, 5, 5, 5, 33, 57, 30, 45, 47, 50, 61, 41, 2, 36, 7, 9, 21, 52, 9, 22, 44, 46, 3, 13, 11, 45, 65, 2, 61, 58, 42, 28, 4, 17, 60, 19, 14, 19, 24, 14, 57, 7, 8, 8, 62, 16, 18, 58, 22, 13, 20, 57, 11, 34, 60, 30, 24, 7, 41, 18, 35, 58, 3]
[18, 34, 59, 11, 8, 33, 65, 25, 66, 7, 42, 23, 37, 17, 56, 18, 29, 20, 32, 21, 51, 6, 62, 57, 60, 9, 59, 28, 50, 21, 26, 25, 32, 58, 14, 58, 65, 52, 55, 42, 58, 8, 12, 23, 53, 3, 31, 24, 48, 58, 31, 26, 47, 7, 9, 33, 19, 39, 53, 25, 42, 16, 52, 58, 65, 62, 45, 43, 8, 33, 18, 11, 61, 8, 2, 40, 30, 44, 61, 1, 0, 14, 27, 14, 18, 16, 21, 52, 36, 29, 1, 24, 6, 42, 39, 34, 12, 36, 33, 40, 0, 34, 57, 52, 12, 25, 20]
[33, 46, 34, 58, 27, 10, 28, 40, 54, 1, 21, 10, 3, 61, 45, 23, 18, 35, 65, 13, 48, 54, 12, 28, 65, 23, 13, 29, 62, 55, 57, 0, 46, 23, 54, 41, 15, 47, 48, 38, 21, 3, 55, 24, 28, 53, 16, 51, 12, 2, 21, 5, 57, 13, 22, 21, 48, 17, 8, 48, 8, 12, 53, 66, 15, 12, 63, 38, 9, 2, 49, 1, 22, 39, 48, 62, 7, 27, 17, 60, 34, 7, 5, 5, 34, 12, 21, 38, 65, 23, 58, 29, 52, 36, 57, 41, 29, 57, 54, 31, 33, 22, 35, 55, 57, 8, 36]
[40, 59, 19, 23, 20, 54, 61, 47, 35, 31, 13, 65, 63, 12, 49, 0, 29, 30, 0, 15, 7, 2, 34, 12, 24, 16, 32, 0, 0, 9, 60, 21, 63, 35, 48, 18, 59, 21, 8, 11, 40, 29, 21, 53, 40, 52, 7, 40, 30, 22, 1, 63, 44, 33, 12, 64, 45, 26, 45, 9, 62, 19, 45, 22, 22, 9, 1, 15, 12, 21, 18, 53, 14, 7, 22, 26, 16, 35, 29, 42, 12, 21, 2, 65, 14, 40, 40, 27, 14, 14, 7, 58, 20, 11, 50, 34, 49, 14, 6, 48, 10, 46, 13, 51, 59, 28, 53]
[53, 45, 38, 40, 13, 43, 50, 17, 55, 40, 13, 10, 43, 20, 39, 8, 22, 19, 27, 48, 61, 7, 15, 21, 62, 24, 19, 60, 24, 43, 41, 19, 8, 30, 40, 13, 22, 44, 7, 52, 52, 12, 8, 63, 22, 18, 47, 29, 38, 57, 46, 9, 47, 27, 53, 9, 28, 48, 41, 38, 62, 34, 21, 64, 64, 31, 53, 35, 33, 28, 9, 49, 53, 0, 43, 44, 50, 27, 55, 23, 66, 34, 2, 18, 0, 65, 56, 4, 39, 40, 62, 56, 52, 17, 65, 47, 55, 35, 7, 5, 42, 8, 50, 40, 35, 46, 49]
[12, 34, 28, 41, 65, 42, 17, 28, 43, 46, 60, 32, 34, 19, 15, 2, 20, 25, 9, 21, 65, 7, 53, 38, 44, 50, 13, 60, 23, 15, 5, 11, 13, 28, 52, 61, 38, 29, 30, 46, 12, 34, 55, 39, 4, 7, 5, 64, 38, 51, 49, 1, 36, 21, 22, 45, 40, 10, 17, 7, 66, 24, 46, 50, 6, 60, 32, 39, 25, 48, 20, 18, 23, 52, 50, 58, 34, 36, 11, 61, 21, 27, 51, 48, 32, 26, 59, 18, 29, 10, 35, 27, 14, 36, 43, 25, 13, 29, 38, 5, 10, 38, 10, 62, 44, 60, 52]
[20, 36, 12, 59, 1, 62, 16, 30, 44, 9, 3, 11, 58, 0, 20, 32, 30, 44, 56, 50, 64, 16, 52, 40, 59, 50, 26, 42, 40, 10, 63, 1, 26, 63, 46, 66, 12, 27, 9, 46, 4, 45, 1, 56, 33, 58, 52, 62, 62, 30, 56, 62, 30, 34, 24, 50, 49, 43, 33, 47, 59, 6, 33, 40, 16, 61, 45, 31, 11, 28, 5, 40, 64, 27, 36, 5, 19, 46, 34, 64, 17, 40, 58, 15, 32, 62, 22, 28, 47, 18, 29, 60, 50, 41, 4, 2, 14, 46, 44, 62, 3, 51, 27, 66, 42, 59, 63]
[13, 61, 20, 10, 27, 27, 20, 42, 10, 51, 65, 56, 23, 13, 62, 33, 4, 30, 22, 15, 50, 64, 63, 0, 62, 14, 39, 54, 51, 27, 50, 54, 61, 40, 46, 64, 48, 24, 19, 49, 57, 50, 51, 8, 15, 24, 64, 37, 24, 8, 17, 63, 16, 7, 16, 45, 44, 45, 34, 29, 57, 15, 31, 7, 3, 10, 28, 17, 41, 22, 66, 56, 5, 45, 61, 20, 1, 14, 36, 18, 10, 59, 32, 50, 62, 2, 21, 23, 31, 7, 43, 16, 18, 19, 24, 7, 33, 36, 24, 24, 27, 23, 21, 18, 5, 4, 56]
[8, 15, 33, 56, 28, 25, 36, 28, 56, 5, 9, 45, 37, 54, 48, 19, 21, 56, 18, 36, 59, 10, 15, 65, 22, 11, 47, 43, 64, 0, 17, 26, 25, 12, 13, 44, 37, 65, 65, 8, 34, 20, 44, 31, 57, 35, 18, 63, 30, 7, 5, 39, 63, 24, 37, 20, 26, 34, 33, 56, 61, 29, 10, 37, 3, 46, 28, 27, 10, 56, 54, 29, 47, 39, 10, 43, 1, 23, 40, 35, 43, 1, 5, 7, 1, 39, 59, 57, 4, 52, 20, 16, 39, 43, 36, 60, 32, 19, 10, 12, 34, 63, 64, 24, 3, 3, 54]
[28, 44, 12, 65, 60, 18, 45, 2, 25, 42, 7, 2, 9, 23, 66, 5, 54, 30, 41, 50, 20, 63, 23, 10, 17, 51, 4, 41, 30, 1, 16, 43, 47, 1, 36, 28, 23, 33, 48, 36, 16, 51, 5, 4, 25, 20, 9, 5, 10, 32, 61, 31, 64, 11, 20, 1, 41, 14, 12, 57, 58, 53, 44, 8, 2, 29, 10, 63, 14, 53, 44, 30, 58, 43, 37, 52, 34, 37, 46, 10, 60, 46, 17, 19, 11, 48, 52, 47, 47, 30, 41, 43, 44, 65, 6, 32, 1, 5, 61, 28, 44, 22, 43, 59, 23, 60, 18]
[66, 4, 53, 3, 37, 64, 18, 19, 47, 6, 55, 27, 56, 1, 36, 41, 1, 57, 45, 10, 57, 25, 29, 18, 20, 25, 25, 24, 18, 38, 55, 13, 4, 40, 12, 10, 64, 4, 4, 56, 53, 63, 19, 60, 61, 32, 45, 19, 48, 15, 58, 40, 17, 43, 35, 60, 39, 48, 47, 25, 32, 51, 10, 44, 34, 12, 66, 60, 64, 3, 6, 28, 8, 16, 13, 46, 32, 14, 7, 2, 34, 64, 59, 2, 62, 29, 52, 49, 25, 43, 50, 53, 47, 41, 36, 60, 26, 27, 24, 58, 52, 48, 1, 1, 20, 37, 24]
[32, 33, 25, 54, 1, 25, 57, 57, 14, 63, 28, 48, 57, 14, 51, 52, 41, 60, 22, 6, 44, 27, 28, 17, 60, 4, 33, 61, 40, 59, 10, 14, 2, 29, 43, 17, 48, 65, 9, 9, 32, 26, 5, 2, 50, 38, 13, 2, 58, 29, 5, 33, 3, 12, 5, 52, 3, 36, 0, 3, 17, 35, 52, 46, 22, 62, 41, 14, 6, 14, 57, 41, 58, 29, 29, 30, 20, 22, 19, 43, 39, 5, 2, 16, 44, 7, 66, 1, 16, 56, 7, 40, 45, 16, 55, 18, 48, 15, 65, 5, 45, 18, 9, 17, 18, 8, 13]
[33, 23, 5, 15, 21, 41, 23, 34, 49, 52, 31, 31, 23, 66, 5, 25, 13, 42, 2, 58, 47, 44, 26, 10, 40, 39, 41, 33, 32, 22, 59, 40, 45, 5, 51, 60, 42, 59, 44, 41, 12, 47, 15, 48, 4, 17, 22, 57, 0, 19, 19, 33, 35, 23, 35, 62, 39, 2, 15, 18, 57, 16, 49, 21, 1, 15, 17, 13, 46, 29, 59, 24, 37, 15, 64, 25, 8, 14, 59, 55, 57, 36, 40, 3, 12, 32, 53, 30, 3, 3, 65, 5, 53, 41, 20, 34, 11, 13, 60, 58, 14, 51, 26, 66, 41, 42, 65]
[46, 22, 13, 20, 7, 57, 6, 22, 51, 14, 8, 14, 31, 0, 8, 64, 33, 63, 55, 50, 11, 18, 12, 61, 4, 12, 7, 38, 45, 34, 29, 37, 9, 60, 15, 8, 41, 33, 58, 35, 7, 33, 18, 20, 39, 4, 7, 49, 17, 19, 60, 5, 17, 57, 3, 19, 33, 30, 17, 61, 38, 12, 34, 31, 4, 56, 38, 57, 66, 12, 38, 6, 35, 50, 11, 56, 17, 1, 42, 65, 64, 59, 51, 7, 11, 47, 21, 38, 66, 55, 41, 64, 13, 11, 47, 53, 44, 23, 64, 32, 32, 32, 26, 8, 30, 47, 64]
[44, 26, 61, 54, 61, 41, 52, 52, 20, 55, 49, 53, 36, 22, 50, 54, 29, 0, 35, 55, 10, 17, 64, 9, 48, 42, 39, 60, 11, 9, 29, 64, 30, 17, 53, 25, 14, 9, 65, 44, 19, 39, 35, 65, 46, 21, 48, 1, 31, 2, 39, 6, 60, 46, 51, 38, 12, 55, 11, 39, 46, 39, 43, 42, 7, 13, 26, 19, 66, 0, 46, 8, 59, 34, 23, 49, 4, 37, 36, 4, 18, 65, 18, 17, 30, 58, 65, 24, 65, 55, 12, 33, 14, 59, 56, 31, 34, 53, 59, 50, 35, 3, 34, 33, 32, 39, 22]
[40, 3, 2, 14, 59, 6, 19, 8, 44, 38, 49, 38, 44, 17, 50, 48, 22, 62, 32, 63, 25, 36, 9, 2, 49, 2, 37, 6, 5, 16, 10, 17, 23, 59, 48, 59, 60, 48, 61, 53, 2, 7, 33, 17, 10, 43, 50, 51, 6, 53, 39, 46, 16, 29, 3, 31, 16, 12, 61, 41, 16, 16, 53, 16, 26, 56, 12, 4, 57, 49, 59, 53, 42, 25, 19, 36, 26, 5, 59, 1, 38, 52, 6, 6, 24, 65, 24, 62, 5, 58, 58, 49, 62, 50, 44, 29, 24, 2, 31, 1, 19, 56, 60, 65, 44, 22, 17]
[32, 15, 15, 46, 40, 13, 63, 64, 9, 59, 23, 65, 39, 62, 57, 33, 1, 11, 63, 41, 48, 13, 4, 24, 5, 15, 26, 33, 12, 63, 26, 32, 54, 61, 10, 21, 53, 42, 54, 35, 6, 48, 63, 48, 13, 11, 58, 28, 1, 9, 34, 60, 4, 11, 53, 58, 12, 51, 23, 53, 2, 50, 22, 8, 10, 34, 63, 54, 32, 45, 36, 15, 39, 14, 52, 42, 41, 36, 0, 46, 64, 26, 47, 28, 12, 27, 26, 16, 35, 17, 14, 45, 41, 12, 53, 6, 21, 5, 59, 43, 22, 51, 49, 54, 16, 54, 9]
[57, 26, 47, 25, 46, 63, 1, 35, 32, 17, 61, 17, 65, 31, 16, 38, 36, 42, 53, 39, 46, 0, 13, 36, 41, 49, 29, 15, 20, 63, 24, 18, 61, 66, 66, 31, 30, 19, 63, 43, 35, 52, 53, 65, 31, 0, 23, 58, 54, 5, 5, 66, 55, 24, 65, 23, 21, 45, 37, 25, 58, 61, 23, 54, 33, 26, 31, 7, 58, 65, 4, 48, 32, 31, 45, 23, 59, 42, 55, 4, 66, 7, 66, 31, 3, 14, 50, 16, 3, 20, 30, 6, 34, 59, 41, 65, 39, 10, 27, 32, 24, 50, 47, 8, 38, 3, 17]
[17, 24, 25, 6, 5, 49, 20, 46, 47, 0, 41, 36, 45, 13, 51, 34, 32, 40, 24, 62, 38, 61, 30, 17, 33, 39, 50, 10, 41, 14, 34, 7, 27, 44, 51, 14, 0, 34, 5, 58, 19, 56, 40, 56, 25, 22, 55, 53, 44, 12, 11, 55, 25, 32, 64, 41, 25, 51, 40, 31, 30, 16, 23, 63, 28, 21, 41, 55, 47, 49, 3, 56, 27, 7, 39, 5, 43, 60, 3, 9, 57, 26, 24, 31, 37, 7, 46, 13, 44, 54, 2, 30, 23, 52, 24, 45, 26, 7, 33, 63, 59, 23, 27, 62, 41, 46, 11]
[19, 26, 42, 46, 27, 65, 40, 39, 43, 57, 37, 66, 5, 2, 31, 18, 26, 12, 63, 63, 9, 26, 53, 47, 54, 34, 35, 57, 43, 27, 40, 15, 2, 45, 7, 63, 66, 1, 51, 47, 0, 66, 16, 23, 44, 46, 54, 36, 4, 26, 29, 42, 41, 53, 26, 58, 5, 37, 24, 11, 62, 60, 2, 42, 64, 45, 37, 3, 61, 39, 57, 31, 50, 26, 14, 59, 13, 10, 41, 29, 41, 61, 38, 31, 59, 0, 9, 19, 2, 54, 10, 59, 44, 9, 7, 11, 15, 59, 35, 10, 19, 65, 40, 55, 41, 54, 38]
[53, 45, 35, 8, 6, 3, 42, 34, 35, 2, 10, 17, 9, 60, 23, 62, 37, 37, 22, 42, 45, 14, 59, 35, 52, 63, 2, 59, 21, 8, 53, 47, 19, 59, 65, 53, 61, 21, 11, 49, 14, 13, 20, 42, 3, 27, 25, 4, 53, 42, 58, 63, 11, 13, 41, 46, 7, 55, 34, 35, 11, 38, 44, 9, 37, 31, 41, 3, 46, 63, 44, 28, 57, 64, 51, 2, 22, 38, 35, 5, 37, 38, 57, 63, 25, 43, 27, 53, 65, 43, 34, 56, 32, 40, 57, 58, 24, 37, 51, 56, 30, 44, 7, 55, 3, 39, 60]
[27, 50, 15, 40, 11, 1, 40, 45, 42, 50, 52, 23, 5, 28, 42, 28, 7, 47, 5, 41, 37, 1, 37, 57, 8, 23, 16, 33, 44, 66, 20, 46, 15, 4, 54, 26, 42, 38, 66, 27, 25, 17, 63, 35, 56, 37, 66, 24, 13, 0, 39, 33, 59, 65, 62, 44, 16, 58, 7, 11, 18, 20, 62, 8, 63, 51, 55, 35, 10, 43, 5, 1, 43, 55, 15, 24, 25, 42, 37, 25, 52, 34, 5, 13, 52, 36, 61, 16, 46, 43, 61, 42, 42, 53, 22, 50, 13, 11, 20, 4, 66, 61, 10, 63, 37, 18, 29]
[65, 23, 55, 32, 46, 35, 61, 32, 4, 51, 11, 5, 60, 61, 31, 7, 0, 43, 8, 63, 47, 24, 4, 8, 45, 8, 45, 44, 53, 55, 39, 24, 44, 22, 42, 35, 43, 34, 33, 35, 9, 49, 65, 33, 2, 53, 21, 20, 31, 10, 14, 9, 20, 59, 52, 41, 22, 18, 5, 19, 19, 24, 9, 38, 9, 23, 53, 29, 7, 12, 65, 52, 4, 6, 50, 36, 18, 59, 16, 25, 60, 56, 12, 4, 27, 14, 13, 2, 4, 34, 50, 2, 27, 54, 40, 0, 36, 60, 12, 54, 11, 11, 45, 7, 41, 64, 28]
[4, 12, 5, 10, 21, 45, 12, 56, 56, 48, 44, 61, 35, 19, 23, 46, 55, 34, 4, 62, 24, 0, 58, 30, 49, 52, 29, 12, 41, 21, 50, 23, 49, 65, 31, 41, 51, 41, 11, 53, 7, 15, 45, 46, 32, 11, 0, 4, 59, 46, 41, 7, 16, 60, 54, 13, 58, 34, 55, 64, 39, 26, 27, 56, 59, 62, 51, 65, 6, 29, 9, 44, 46, 43, 29, 51, 56, 23, 40, 18, 48, 55, 30, 8, 63, 38, 27, 38, 10, 40, 16, 48, 29, 40, 47, 31, 61, 26, 53, 16, 52, 8, 57, 15, 18, 1, 16]
[35, 60, 61, 39, 40, 35, 15, 37, 8, 40, 25, 10, 58, 7, 49, 36, 44, 49, 23, 1, 24, 55, 27, 8, 28, 65, 36, 1, 1, 59, 34, 18, 0, 23, 21, 21, 22, 27, 20, 20, 38, 9, 57, 50, 54, 19, 52, 28, 64, 15, 2, 30, 43, 57, 19, 37, 28, 17, 18, 12, 4, 36, 33, 33, 2, 41, 46, 55, 49, 18, 9, 44, 16, 62, 27, 26, 30, 66, 55, 0, 45, 26, 44, 25, 3, 62, 41, 21, 24, 34, 49, 39, 19, 2, 65, 46, 45, 9, 5, 55, 49, 29, 45, 11, 14, 63, 32]
[36, 66, 30, 29, 8, 4, 46, 2, 28, 2, 13, 3, 23, 43, 49, 4, 8, 18, 11, 50, 43, 54, 63, 20, 16, 7, 60, 35, 45, 26, 39, 50, 9, 39, 64, 0, 41, 22, 59, 30, 18, 19, 45, 20, 23, 39, 66, 19, 2, 66, 11, 27, 54, 40, 17, 21, 53, 31, 22, 29, 58, 36, 33, 4, 20, 28, 9, 13, 58, 46, 18, 20, 5, 16, 2, 53, 37, 62, 49, 44, 5, 21, 13, 27, 48, 34, 21, 52, 64, 64, 65, 62, 9, 40, 50, 4, 37, 13, 9, 19, 36, 13, 44, 36, 4, 25, 8]
[19, 52, 50, 2, 22, 21, 14, 37, 46, 22, 57, 13, 38, 15, 34, 0, 42, 14, 30, 10, 37, 41, 55, 31, 0, 3, 4, 3, 42, 12, 64, 51, 12, 47, 15, 15, 42, 26, 27, 60, 9, 8, 16, 63, 43, 41, 14, 9, 29, 46, 4, 20, 37, 37, 42, 40, 19, 52, 18, 16, 1, 8, 28, 50, 38, 15, 47, 47, 5, 51, 56, 10, 44, 10, 6, 62, 17, 12, 17, 28, 21, 59, 21, 36, 5, 61, 29, 58, 45, 14, 56, 31, 48, 6, 37, 45, 59, 7, 26, 65, 22, 15, 4, 60, 42, 31, 41]
[26, 12, 62, 59, 38, 26, 17, 16, 16, 33, 28, 43, 32, 47, 29, 64, 38, 32, 65, 18, 21, 21, 20, 36, 49, 29, 3, 18, 42, 59, 9, 57, 18, 36, 24, 21, 34, 0, 44, 39, 1, 0, 14, 42, 22, 62, 66, 38, 61, 27, 60, 6, 12, 1, 57, 39, 34, 1, 6, 6, 38, 44, 17, 58, 53, 61, 24, 12, 34, 51, 40, 27, 42, 43, 45, 19, 29, 0, 30, 40, 46, 10, 50, 40, 35, 7, 34, 37, 58, 6, 31, 48, 49, 35, 23, 49, 30, 20, 58, 40, 49, 55, 46, 53, 6, 7, 54]
[27, 52, 13, 18, 65, 53, 27, 1, 22, 4, 56, 7, 27, 38, 63, 44, 33, 37, 11, 56, 37, 35, 58, 19, 14, 31, 18, 28, 51, 56, 62, 53, 12, 34, 22, 64, 53, 24, 62, 47, 8, 46, 50, 26, 0, 36, 11, 4, 48, 39, 38, 33, 13, 3, 34, 15, 19, 6, 27, 5, 30, 8, 24, 16, 60, 55, 36, 19, 38, 17, 47, 50, 11, 6, 39, 51, 44, 20, 49, 61, 32, 53, 27, 8, 29, 45, 19, 1, 33, 16, 49, 7, 22, 57, 65, 35, 31, 54, 42, 49, 58, 25, 27, 47, 13, 53, 46]
[18, 8, 44, 11, 53, 31, 0, 29, 39, 43, 24, 52, 9, 66, 34, 2, 15, 51, 45, 61, 55, 7, 22, 63, 30, 24, 26, 43, 26, 13, 1, 39, 49, 58, 3, 37, 54, 17, 7, 3, 42, 52, 44, 25, 29, 43, 48, 29, 36, 45, 15, 39, 17, 58, 10, 4, 24, 56, 25, 45, 57, 61, 28, 63, 44, 0, 27, 57, 7, 50, 17, 3, 38, 16, 30, 27, 66, 8, 16, 32, 23, 61, 18, 27, 27, 25, 13, 17, 7, 4, 43, 24, 35, 23, 32, 3, 60, 9, 40, 7, 0, 26, 15, 28, 65, 10, 64]
[65, 30, 50, 52, 1, 20, 1, 66, 21, 32, 21, 26, 7, 51, 63, 6, 59, 8, 16, 47, 8, 33, 42, 61, 60, 2, 13, 57, 15, 46, 25, 15, 6, 11, 31, 46, 62, 59, 56, 33, 47, 44, 45, 42, 29, 27, 51, 57, 5, 57, 0, 59, 55, 46, 6, 37, 48, 48, 52, 59, 37, 65, 22, 46, 29, 7, 46, 0, 2, 60, 4, 17, 19, 21, 15, 66, 46, 63, 4, 16, 1, 46, 40, 53, 5, 35, 9, 60, 5, 25, 3, 59, 49, 1, 3, 31, 23, 12, 64, 41, 53, 12, 16, 0, 57, 2, 25]
[2, 61, 33, 55, 10, 27, 21, 15, 5, 15, 49, 22, 64, 44, 23, 32, 42, 29, 4, 59, 61, 11, 30, 18, 7, 2, 24, 40, 9, 31, 59, 19, 3, 47, 4, 21, 19, 47, 49, 18, 54, 64, 12, 15, 1, 55, 29, 10, 10, 66, 29, 5, 17, 15, 20, 17, 22, 33, 30, 61, 51, 35, 32, 35, 45, 38, 45, 49, 16, 52, 10, 29, 42, 43, 13, 39, 24, 31, 46, 45, 17, 57, 25, 18, 43, 45, 27, 61, 60, 54, 59, 54, 8, 12, 46, 41, 30, 39, 7, 62, 22, 7, 28, 11, 56, 31, 49]
[29, 27, 15, 24, 3, 58, 51, 51, 1, 24, 10, 42, 33, 45, 28, 33, 43, 50, 64, 44, 33, 47, 15, 34, 44, 6, 28, 31, 24, 21, 42, 45, 30, 17, 50, 52, 51, 54, 3, 66, 2, 47, 54, 18, 8, 47, 18, 10, 41, 23, 65, 1, 0, 29, 52, 4, 1, 61, 19, 4, 54, 10, 29, 62, 27, 65, 0, 16, 23, 9, 50, 65, 27, 49, 40, 10, 1, 44, 51, 63, 33, 65, 3, 53, 4, 12, 21, 41, 39, 52, 13, 23, 64, 63, 45, 51, 51, 34, 39, 7, 7, 46, 8, 61, 10, 18, 22]
[64, 9, 14, 32, 63, 50, 61, 35, 58, 40, 47, 14, 35, 7, 3, 5, 39, 16, 66, 43, 33, 4, 23, 41, 55, 46, 9, 36, 52, 45, 59, 61, 22, 7, 51, 48, 60, 49, 35, 46, 28, 9, 2, 43, 45, 35, 52, 12, 14, 2, 44, 20, 10, 4, 17, 38, 1, 58, 21, 62, 35, 47, 66, 38, 48, 48, 65, 25, 63, 24, 49, 16, 61, 8, 21, 18, 57, 36, 52, 17, 32, 11, 41, 60, 17, 62, 59, 47, 42, 10, 10, 3, 40, 25, 2, 54, 11, 10, 55, 60, 17, 46, 50, 24, 61, 16, 61]
[34, 23, 51, 38, 48, 3, 28, 52, 23, 35, 54, 61, 47, 15, 1, 66, 12, 46, 56, 63, 19, 44, 52, 36, 39, 21, 62, 53, 1, 49, 7, 9, 26, 60, 22, 66, 6, 21, 62, 54, 53, 64, 63, 30, 37, 44, 33, 53, 6, 25, 66, 54, 5, 36, 37, 39, 38, 22, 44, 59, 31, 54, 21, 27, 60, 59, 57, 44, 4, 47, 20, 31, 27, 24, 43, 51, 29, 53, 40, 28, 12, 64, 3, 0, 11, 1, 39, 2, 35, 64, 15, 11, 50, 2, 12, 65, 10, 27, 47, 11, 62, 63, 21, 46, 27, 11, 53]
[28, 16, 44, 3, 39, 9, 10, 64, 66, 44, 1, 13, 18, 12, 57, 62, 9, 36, 51, 28, 31, 54, 22, 5, 14, 4, 14, 13, 18, 57, 38, 2, 19, 63, 31, 18, 27, 40, 51, 47, 66, 27, 3, 3, 35, 30, 21, 26, 45, 19, 40, 33, 53, 14, 35, 30, 27, 60, 10, 32, 55, 17, 29, 56, 38, 14, 38, 8, 13, 6, 38, 26, 45, 10, 36, 30, 42, 40, 60, 26, 16, 22, 21, 16, 66, 0, 53, 3, 54, 17, 66, 51, 58, 65, 62, 51, 45, 36, 42, 11, 10, 56, 5, 37, 16, 27, 65]
[53, 27, 2, 47, 5, 26, 56, 59, 3, 32, 51, 61, 39, 36, 18, 11, 7, 4, 33, 41, 51, 35, 51, 3, 64, 2, 30, 15, 17, 32, 35, 23, 10, 56, 40, 47, 43, 3, 19, 32, 17, 11, 28, 56, 14, 11, 11, 59, 47, 55, 56, 49, 66, 44, 21, 55, 17, 13, 56, 12, 52, 51, 13, 21, 2, 31, 58, 26, 31, 64, 43, 60, 6, 28, 4, 16, 47, 42, 64, 32, 46, 21, 28, 41, 16, 23, 43, 21, 8, 55, 64, 9, 22, 32, 28, 28, 38, 23, 36, 22, 34, 16, 26, 51, 37, 8, 1]
[52, 12, 62, 30, 41, 28, 23, 20, 36, 4, 1, 23, 59, 27, 51, 38, 34, 33, 39, 32, 36, 7, 40, 41, 30, 13, 27, 18, 4, 24, 57, 35, 41, 15, 18, 40, 0, 13, 65, 4, 19, 42, 42, 42, 28, 19, 34, 66, 27, 2, 53, 1, 43, 0, 7, 33, 12, 62, 16, 38, 13, 23, 33, 0, 30, 7, 35, 12, 27, 64, 49, 22, 62, 42, 61, 28, 17, 55, 32, 33, 44, 14, 63, 37, 27, 6, 46, 34, 17, 12, 12, 53, 50, 16, 41, 6, 29, 19, 52, 46, 22, 16, 65, 55, 31, 61, 40]
[41, 43, 55, 9, 17, 51, 34, 65, 36, 51, 12, 55, 19, 37, 32, 62, 27, 47, 9, 19, 52, 62, 25, 14, 52, 2, 5, 59, 13, 2, 10, 37, 27, 21, 39, 33, 22, 36, 3, 57, 28, 41, 9, 17, 34, 47, 60, 35, 32, 65, 14, 50, 45, 13, 29, 16, 54, 64, 41, 22, 4, 39, 54, 55, 55, 18, 65, 59, 26, 48, 62, 12, 10, 27, 38, 16, 37, 58, 56, 41, 26, 13, 66, 21, 51, 24, 62, 26, 41, 19, 11, 40, 64, 21, 0, 27, 25, 45, 48, 2, 30, 28, 27, 44, 64, 2, 38]
[49, 29, 53, 19, 16, 6, 46, 9, 60, 54, 11, 5, 44, 39, 47, 51, 19, 14, 10, 27, 13, 26, 65, 44, 47, 14, 0, 37, 48, 31, 33, 14, 56, 35, 43, 10, 43, 26, 43, 26, 41, 47, 34, 62, 54, 55, 8, 64, 29, 21, 44, 20, 50, 10, 52, 39, 50, 26, 29, 60, 3, 37, 15, 65, 33, 54, 7, 11, 45, 40, 2, 62, 58, 9, 29, 5, 23, 45, 25, 34, 36, 10, 26, 11, 33, 26, 52, 33, 22, 61, 37, 49, 65, 47, 51, 59, 11, 48, 41, 11, 1, 40, 23, 61, 30, 16, 27]
[51, 23, 5, 15, 8, 25, 27, 5, 9, 55, 45, 12, 45, 22, 6, 16, 14, 19, 52, 58, 61, 49, 44, 3, 63, 51, 38, 14, 62, 35, 7, 50, 5, 7, 4, 55, 41, 61, 47, 47, 22, 40, 31, 0, 10, 57, 33, 50, 2, 28, 44, 17, 28, 65, 12, 23, 31, 44, 7, 45, 64, 29, 7, 16, 9, 36, 24, 45, 7, 25, 49, 6, 4, 23, 19, 66, 39, 0, 54, 35, 50, 41, 6, 1, 7, 44, 66, 12, 15, 65, 7, 0, 22, 14, 20, 55, 7, 17, 5, 41, 64, 1, 33, 15, 32, 40, 35]
[59, 56, 62, 1, 23, 60, 37, 65, 55, 44, 44, 26, 19, 57, 31, 12, 26, 56, 49, 35, 28, 24, 33, 19, 52, 18, 11, 28, 57, 8, 34, 51, 26, 32, 12, 46, 64, 4, 2, 35, 60, 8, 22, 55, 25, 39, 45, 29, 30, 9, 19, 34, 40, 8, 49, 0, 54, 49, 16, 25, 60, 23, 45, 3, 0, 66, 20, 2, 66, 13, 61, 1, 43, 5, 23, 51, 45, 45, 16, 31, 64, 38, 36, 66, 3, 64, 62, 2, 46, 62, 0, 36, 6, 33, 35, 62, 12, 42, 40, 49, 54, 18, 51, 52, 11, 46, 27]
[26, 61, 55, 51, 63, 11, 9, 51, 22, 27, 59, 14, 58, 22, 53, 11, 29, 51, 23, 59, 41, 22, 15, 34, 27, 17, 0, 49, 36, 43, 54, 45, 19, 41, 18, 4, 23, 23, 44, 5, 19, 66, 48, 20, 45, 61, 30, 10, 36, 29, 29, 62, 1, 49, 42, 59, 45, 46, 26, 66, 34, 28, 25, 15, 56, 8, 45, 51, 53, 10, 25, 64, 52, 11, 43, 54, 0, 36, 29, 35, 5, 0, 22, 13, 36, 65, 66, 21, 52, 61, 33, 28, 63, 50, 44, 28, 7, 33, 52, 0, 39, 2, 28, 39, 30, 45, 13]
[13, 32, 37, 1, 53, 51, 10, 65, 66, 61, 30, 38, 51, 1, 26, 55, 39, 40, 30, 33, 59, 22, 7, 53, 4, 62, 19, 39, 51, 14, 32, 1, 39, 61, 31, 47, 3, 20, 15, 52, 59, 10, 41, 34, 60, 42, 17, 34, 58, 52, 50, 35, 14, 42, 49, 21, 66, 32, 61, 43, 52, 24, 13, 4, 19, 8, 0, 10, 14, 15, 26, 52, 12, 48, 51, 0, 58, 54, 20, 12, 26, 7, 42, 36, 19, 33, 9, 52, 24, 50, 13, 62, 22, 50, 36, 3, 53, 0, 7, 46, 52, 58, 8, 62, 34, 34, 6]
[58, 36, 16, 8, 43, 7, 25, 24, 41, 6, 41, 12, 15, 43, 65, 38, 27, 29, 54, 56, 47, 11, 0, 52, 29, 12, 24, 38, 36, 49, 8, 58, 22, 21, 29, 51, 27, 1, 53, 11, 60, 56, 42, 21, 58, 43, 44, 45, 26, 2, 64, 52, 63, 57, 42, 59, 61, 53, 59, 37, 5, 48, 14, 36, 34, 8, 44, 49, 18, 6, 9, 51, 65, 32, 0, 64, 24, 18, 9, 2, 11, 31, 30, 26, 4, 3, 44, 0, 48, 30, 26, 64, 6, 1, 41, 35, 5, 58, 62, 43, 33, 47, 35, 61, 38, 2, 32]
[15, 59, 57, 60, 25, 42, 6, 4, 16, 56, 34, 48, 3, 11, 66, 24, 25, 51, 30, 39, 10, 54, 2, 49, 52, 30, 1, 1, 64, 18, 1, 10, 42, 64, 42, 1, 43, 21, 36, 41, 25, 14, 10, 26, 2, 58, 45, 59, 40, 52, 26, 53, 8, 24, 60, 48, 32, 3, 55, 11, 56, 46, 27, 20, 55, 42, 9, 2, 35, 29, 56, 32, 41, 17, 20, 18, 64, 0, 64, 40, 28, 24, 43, 38, 10, 11, 2, 35, 64, 48, 27, 63, 60, 58, 62, 19, 5, 66, 65, 37, 8, 62, 43, 9, 13, 47, 62]
[2, 30, 63, 65, 39, 43, 62, 32, 51, 0, 64, 23, 49, 8, 16, 35, 25, 30, 63, 8, 6, 31, 29, 21, 7, 37, 42, 42, 50, 43, 2, 13, 27, 46, 4, 54, 20, 45, 54, 11, 47, 32, 44, 10, 53, 35, 41, 61, 4, 25, 45, 18, 26, 19, 21, 4, 48, 48, 0, 25, 20, 23, 43, 24, 62, 53, 35, 54, 45, 39, 44, 56, 61, 38, 51, 49, 47, 10, 48, 62, 60, 15, 21, 46, 8, 17, 48, 43, 21, 24, 48, 5, 21, 57, 28, 24, 27, 42, 22, 46, 31, 0, 40, 1, 47, 23, 59]
[24, 54, 60, 31, 27, 37, 40, 10, 66, 3, 65, 62, 65, 18, 9, 19, 65, 65, 39, 58, 1, 36, 25, 45, 13, 61, 18, 11, 1, 29, 54, 50, 36, 47, 33, 51, 18, 5, 17, 10, 17, 16, 55, 5, 57, 37, 60, 44, 46, 22, 60, 44, 19, 64, 45, 7, 33, 12, 18, 66, 50, 61, 10, 2, 22, 3, 21, 53, 24, 15, 44, 61, 11, 12, 56, 66, 14, 60, 22, 39, 42, 27, 24, 8, 36, 11, 41, 60, 58, 12, 34, 20, 27, 10, 8, 47, 11, 47, 65, 58, 6, 58, 30, 39, 2, 14, 40]
[32, 36, 51, 10, 18, 4, 56, 23, 65, 26, 33, 2, 59, 60, 10, 44, 9, 38, 12, 30, 11, 55, 28, 26, 40, 5, 14, 40, 26, 52, 66, 32, 34, 32, 21, 27, 59, 61, 0, 0, 61, 15, 18, 15, 39, 10, 42, 23, 37, 26, 0, 7, 11, 34, 64, 33, 18, 51, 28, 34, 25, 50, 14, 10, 47, 35, 60, 0, 29, 30, 49, 36, 62, 52, 28, 42, 19, 38, 7, 25, 50, 39, 33, 51, 55, 20, 35, 46, 64, 56, 21, 31, 35, 11, 25, 10, 58, 57, 49, 30, 9, 20, 66, 10, 38, 45, 17]
[35, 21, 26, 51, 58, 14, 19, 44, 39, 12, 46, 55, 21, 17, 40, 13, 63, 22, 14, 10, 59, 59, 16, 34, 32, 20, 53, 40, 49, 27, 37, 53, 48, 1, 13, 64, 21, 47, 18, 0, 17, 13, 27, 57, 59, 22, 59, 27, 37, 5, 61, 14, 36, 36, 14, 66, 11, 5, 37, 47, 18, 9, 50, 45, 31, 66, 8, 46, 7, 32, 44, 0, 50, 29, 60, 1, 45, 25, 17, 46, 36, 16, 54, 45, 16, 29, 31, 59, 39, 2, 19, 62, 37, 45, 29, 51, 26, 55, 12, 25, 59, 17, 32, 30, 16, 6, 14]
[10, 12, 62, 58, 62, 49, 1, 51, 29, 9, 58, 13, 38, 55, 7, 45, 39, 7, 26, 46, 63, 15, 64, 6, 0, 57, 0, 17, 14, 1, 33, 7, 6, 39, 16, 40, 9, 12, 64, 46, 26, 45, 19, 28, 43, 51, 7, 1, 64, 15, 41, 19, 55, 42, 62, 47, 55, 55, 34, 45, 7, 16, 15, 25, 65, 27, 3, 62, 49, 26, 64, 55, 36, 45, 40, 50, 8, 19, 56, 42, 38, 57, 1, 41, 27, 50, 54, 10, 14, 2, 44, 39, 26, 16, 8, 10, 34, 63, 24, 49, 26, 17, 0, 26, 44, 8, 7]
[8, 65, 54, 39, 18, 8, 31, 66, 65, 48, 12, 61, 58, 65, 54, 57, 25, 61, 6, 32, 50, 57, 43, 4, 27, 45, 21, 63, 65, 54, 31, 10, 55, 28, 36, 56, 17, 57, 52, 52, 28, 47, 40, 17, 28, 47, 41, 31, 8, 41, 58, 37, 60, 60, 44, 40, 44, 37, 52, 6, 58, 11, 41, 36, 21, 50, 12, 35, 36, 16, 23, 51, 53, 33, 14, 33, 13, 59, 6, 54, 1, 56, 11, 22, 40, 37, 33, 45, 38, 56, 66, 35, 49, 51, 20, 32, 61, 11, 65, 53, 1, 42, 1, 22, 21, 64, 45]
[0, 50, 64, 24, 30, 22, 33, 34, 26, 31, 42, 47, 37, 14, 51, 16, 50, 27, 52, 33, 18, 43, 13, 13, 21, 66, 35, 36, 24, 16, 51, 5, 47, 55, 29, 46, 55, 37, 51, 26, 63, 20, 37, 51, 58, 63, 12, 32, 3, 36, 36, 18, 31, 58, 14, 24, 39, 50, 59, 40, 62, 38, 35, 24, 33, 26, 12, 59, 23, 36, 47, 62, 47, 53, 15, 53, 3, 40, 2, 51, 10, 5, 17, 43, 32, 60, 54, 63, 17, 52, 30, 25, 2, 21, 38, 49, 23, 25, 42, 58, 43, 31, 9, 22, 1, 14, 32]
[19, 40, 3, 30, 57, 60, 54, 41, 2, 42, 43, 3, 35, 27, 53, 40, 3, 18, 27, 57, 50, 59, 48, 39, 49, 19, 10, 37, 65, 64, 53, 9, 28, 22, 27, 61, 20, 18, 35, 20, 38, 54, 49, 28, 33, 49, 47, 2, 37, 43, 54, 33, 43, 53, 63, 53, 14, 57, 36, 16, 59, 48, 63, 39, 23, 43, 61, 8, 11, 53, 4, 46, 5, 30, 7, 13, 34, 3, 15, 3, 49, 11, 50, 17, 28, 64, 43, 55, 16, 43, 56, 44, 7, 4, 8, 0, 34, 58, 29, 27, 33, 66, 39, 39, 8, 32, 36]
[25, 25, 44, 19, 44, 29, 61, 57, 38, 29, 64, 41, 22, 4, 56, 51, 64, 54, 33, 57, 55, 58, 44, 22, 64, 35, 58, 12, 3, 25, 50, 49, 13, 46, 45, 28, 28, 54, 44, 63, 19, 41, 59, 39, 29, 23, 14, 41, 56, 27, 25, 40, 17, 54, 12, 22, 42, 36, 9, 7, 58, 9, 51, 17, 50, 64, 3, 18, 28, 30, 1, 63, 30, 52, 38, 2, 23, 29, 2, 3, 31, 35, 51, 8, 17, 15, 17, 2, 17, 21, 9, 53, 31, 60, 14, 38, 55, 3, 38, 25, 55, 20, 61, 25, 43, 2, 44]
[45, 31, 12, 12, 29, 36, 13, 2, 36, 30, 56, 11, 54, 66, 47, 48, 36, 15, 23, 2, 13, 19, 1, 23, 21, 51, 43, 3, 60, 28, 20, 56, 57, 43, 43, 61, 39, 48, 26, 37, 20, 38, 64, 2, 66, 64, 47, 14, 59, 25, 2, 26, 0, 34, 34, 23, 22, 56, 29, 24, 42, 18, 45, 52, 19, 40, 52, 3, 31, 28, 14, 57, 11, 37, 3, 2, 8, 42, 66, 66, 11, 38, 27, 27, 16, 63, 46, 21, 34, 60, 40, 42, 48, 8, 52, 37, 21, 45, 49, 62, 32, 17, 25, 65, 2, 49, 1]
[44, 55, 20, 20, 65, 33, 15, 22, 9, 49, 2, 53, 60, 60, 60, 37, 50, 27, 27, 9, 9, 13, 17, 48, 46, 66, 54, 0, 3, 33, 47, 44, 4, 34, 38, 24, 20, 30, 64, 21, 51, 11, 54, 53, 18, 3, 10, 20, 21, 55, 33, 45, 50, 19, 61, 64, 24, 29, 54, 48, 21, 61, 7, 32, 64, 18, 40, 39, 35, 4, 3, 1, 38, 16, 23, 9, 29, 34, 2, 52, 27, 11, 40, 22, 9, 65, 24, 40, 31, 37, 61, 7, 20, 64, 16, 22, 2, 46, 4, 57, 24, 41, 31, 42, 12, 42, 5]
[17, 28, 9, 66, 38, 62, 61, 42, 14, 24, 49, 15, 28, 27, 63, 29, 4, 43, 37, 5, 10, 5, 24, 61, 43, 52, 17, 52, 16, 27, 20, 34, 49, 29, 65, 54, 57, 38, 30, 43, 0, 8, 56, 60, 61, 60, 57, 39, 54, 17, 45, 0, 21, 59, 38, 28, 38, 59, 2, 16, 12, 42, 21, 53, 61, 38, 29, 44, 17, 17, 3, 48, 14, 45, 28, 56, 51, 37, 63, 62, 17, 41, 45, 16, 25, 17, 35, 35, 20, 16, 64, 22, 49, 27, 1, 62, 44, 47, 22, 49, 58, 7, 57, 36, 52, 43, 34]
[46, 60, 52, 0, 39, 42, 30, 21, 11, 46, 41, 13, 34, 13, 50, 34, 51, 13, 36, 0, 46, 10, 54, 12, 39, 43, 9, 19, 66, 41, 33, 15, 24, 2, 32, 31, 21, 45, 20, 51, 54, 62, 41, 23, 22, 37, 56, 22, 48, 50, 27, 33, 57, 19, 2, 50, 27, 54, 46, 51, 11, 35, 58, 57, 36, 51, 52, 35, 37, 32, 3, 53, 40, 16, 56, 7, 21, 44, 54, 3, 15, 6, 34, 20, 44, 59, 62, 28, 49, 38, 57, 13, 3, 60, 44, 54, 16, 12, 29, 0, 44, 40, 33, 7, 65, 51, 43]
[25, 9, 38, 12, 7, 52, 36, 28, 47, 34, 11, 15, 56, 18, 25, 0, 53, 63, 37, 38, 45, 20, 33, 66, 14, 6, 10, 18, 55, 19, 41, 25, 47, 17, 54, 63, 5, 51, 25, 27, 23, 42, 40, 4, 27, 24, 28, 47, 17, 8, 58, 44, 61, 22, 19, 48, 23, 14, 11, 20, 4, 47, 23, 24, 54, 56, 18, 65, 16, 52, 26, 4, 16, 31, 19, 15, 21, 10, 56, 33, 55, 18, 33, 31, 39, 26, 8, 62, 49, 47, 6, 62, 52, 55, 52, 24, 30, 65, 38, 38, 55, 20, 3, 7, 28, 57, 10]
[30, 56, 19, 28, 43, 12, 55, 49, 39, 61, 49, 23, 60, 32, 52, 27, 50, 64, 12, 60, 56, 63, 59, 27, 66, 52, 4, 17, 56, 53, 0, 63, 19, 49, 3, 49, 23, 30, 33, 30, 0, 8, 40, 53, 4, 61, 39, 21, 8, 42, 10, 36, 27, 46, 24, 42, 7, 52, 13, 40, 53, 4, 5, 20, 52, 7, 36, 47, 17, 8, 65, 46, 64, 29, 45, 65, 35, 60, 46, 26, 66, 55, 47, 32, 66, 20, 19, 15, 4, 46, 57, 53, 1, 40, 48, 61, 39, 18, 63, 13, 14, 58, 16, 26, 40, 17, 44]
[61, 5, 21, 23, 64, 36, 41, 20, 51, 25, 18, 42, 41, 64, 1, 56, 44, 9, 20, 40, 44, 26, 56, 19, 21, 64, 8, 15, 42, 4, 18, 11, 31, 33, 41, 19, 24, 31, 43, 2, 1, 41, 63, 7, 46, 4, 16, 13, 31, 33, 5, 6, 47, 61, 46, 62, 30, 55, 41, 66, 34, 8, 47, 2, 47, 52, 22, 26, 39, 51, 57, 19, 51, 10, 28, 60, 34, 21, 22, 16, 4, 26, 20, 30, 47, 46, 35, 7, 54, 64, 3, 8, 50, 61, 56, 57, 28, 22, 9, 43, 32, 43, 33, 48, 4, 6, 62]
[34, 10, 63, 5, 34, 46, 24, 6, 40, 55, 27, 40, 2, 7, 0, 2, 19, 43, 30, 58, 66, 38, 25, 4, 26, 9, 60, 66, 13, 14, 49, 10, 43, 25, 25, 12, 35, 63, 17, 16, 40, 23, 9, 20, 44, 30, 10, 55, 33, 6, 5, 56, 20, 13, 56, 14, 8, 12, 50, 38, 7, 4, 46, 4, 58, 12, 45, 50, 23, 9, 12, 52, 47, 45, 48, 64, 16, 41, 34, 0, 7, 66, 27, 31, 49, 53, 43, 22, 13, 11, 40, 20, 33, 61, 45, 2, 28, 19, 12, 16, 10, 11, 8, 1, 35, 30, 37]
[47, 51, 54, 10, 11, 33, 4, 57, 38, 35, 26, 60, 1, 38, 38, 20, 24, 31, 2, 38, 54, 62, 24, 66, 0, 59, 35, 9, 27, 44, 13, 12, 31, 26, 28, 17, 8, 60, 40, 7, 54, 37, 50, 63, 58, 26, 29, 40, 12, 39, 52, 13, 47, 32, 42, 58, 27, 4, 3, 23, 60, 31, 56, 27, 48, 58, 26, 40, 31, 3, 35, 66, 3, 6, 33, 52, 32, 37, 10, 24, 3, 45, 52, 7, 51, 47, 40, 57, 49, 24, 52, 44, 5, 19, 29, 22, 27, 52, 57, 54, 13, 5, 26, 49, 20, 49, 61]
[62, 31, 66, 29, 5, 65, 62, 18, 25, 13, 39, 49, 2, 59, 13, 32, 36, 14, 10, 10, 0, 61, 56, 55, 51, 4, 56, 4, 58, 25, 29, 12, 22, 52, 8, 2, 19, 40, 46, 29, 54, 39, 37, 10, 57, 58, 62, 59, 53, 30, 22, 53, 62, 52, 5, 24, 5, 0, 36, 65, 61, 12, 66, 8, 8, 2, 54, 24, 17, 37, 4, 36, 45, 47, 47, 19, 28, 38, 22, 0, 50, 40, 47, 53, 33, 63, 24, 54, 12, 26, 23, 58, 16, 51, 14, 0, 37, 7, 35, 24, 49, 59, 60, 2, 63, 26, 33]
[59, 37, 3, 12, 12, 0, 11, 49, 22, 43, 47, 37, 31, 22, 20, 7, 39, 5, 62, 19, 45, 1, 23, 9, 48, 62, 41, 19, 64, 66, 15, 30, 53, 22, 17, 9, 61, 51, 56, 60, 19, 1, 21, 20, 50, 23, 39, 21, 28, 53, 43, 23, 31, 8, 41, 31, 30, 59, 7, 27, 29, 19, 3, 65, 35, 30, 62, 34, 31, 2, 33, 54, 12, 38, 50, 9, 44, 11, 66, 14, 23, 14, 33, 23, 40, 17, 37, 47, 33, 46, 57, 21, 13, 45, 56, 13, 7, 44, 54, 51, 65, 4, 52, 11, 11, 40, 23]
[59, 10, 56, 12, 24, 41, 38, 47, 61, 8, 42, 48, 12, 33, 51, 19, 14, 19, 15, 48, 9, 50, 62, 27, 21, 55, 23, 13, 43, 53, 13, 63, 20, 58, 66, 2, 31, 39, 27, 66, 27, 40, 9, 56, 37, 48, 44, 57, 48, 1, 20, 48, 61, 36, 66, 59, 22, 38, 65, 9, 16, 28, 36, 6, 63, 20, 52, 17, 3, 52, 20, 31, 36, 32, 35, 31, 36, 45, 30, 33, 39, 25, 8, 49, 63, 25, 60, 31, 59, 10, 54, 17, 24, 4, 48, 3, 1, 41, 33, 35, 18, 8, 46, 8, 25, 38, 3]
[3, 62, 35, 28, 52, 0, 59, 41, 1, 9, 12, 49, 30, 29, 62, 13, 47, 18, 29, 37, 34, 27, 43, 39, 35, 8, 59, 23, 26, 35, 39, 32, 62, 60, 61, 9, 20, 25, 38, 56, 66, 63, 12, 51, 20, 14, 12, 46, 66, 25, 44, 51, 39, 0, 47, 43, 19, 44, 31, 60, 33, 50, 54, 28, 20, 10, 41, 51, 15, 47, 10, 6, 54, 25, 33, 20, 2, 17, 42, 12, 28, 21, 23, 9, 43, 64, 38, 29, 50, 39, 31, 12, 6, 22, 55, 2, 26, 49, 47, 57, 61, 45, 25, 21, 48, 47, 18]
[31, 33, 27, 66, 8, 4, 65, 60, 2, 41, 24, 14, 59, 60, 10, 29, 28, 15, 59, 11, 52, 29, 10, 47, 40, 35, 21, 11, 45, 1, 50, 26, 26, 14, 56, 54, 36, 27, 28, 26, 18, 52, 20, 47, 52, 51, 66, 38, 31, 43, 2, 8, 34, 55, 59, 34, 4, 50, 30, 66, 41, 61, 40, 48, 37, 35, 6, 29, 19, 19, 11, 19, 50, 14, 17, 33, 6, 29, 4, 44, 54, 13, 32, 58, 66, 50, 39, 65, 47, 44, 38, 42, 9, 55, 19, 38, 22, 63, 44, 32, 31, 7, 60, 60, 36, 24, 3]
[3, 23, 8, 61, 53, 20, 48, 58, 43, 60, 36, 14, 36, 22, 31, 15, 25, 36, 46, 12, 50, 7, 38, 16, 28, 20, 46, 25, 24, 32, 6, 15, 11, 22, 8, 28, 26, 31, 49, 32, 47, 45, 52, 47, 5, 35, 3, 12, 2, 28, 17, 18, 5, 23, 26, 61, 44, 6, 53, 1, 17, 34, 23, 60, 63, 19, 66, 65, 57, 21, 49, 8, 14, 5, 25, 60, 58, 56, 46, 38, 36, 2, 47, 25, 66, 35, 49, 65, 59, 31, 10, 62, 36, 20, 46, 28, 4, 30, 32, 41, 46, 47, 7, 57, 37, 66, 57]
[20, 19, 45, 29, 18, 5, 5, 55, 53, 25, 51, 62, 19, 14, 58, 16, 29, 42, 15, 33, 6, 49, 40, 25, 59, 25, 65, 54, 20, 0, 35, 64, 16, 5, 61, 21, 61, 10, 40, 13, 23, 53, 41, 22, 29, 1, 19, 45, 43, 60, 17, 60, 12, 34, 64, 31, 35, 37, 54, 15, 46, 1, 10, 30, 22, 26, 17, 58, 65, 13, 3, 47, 52, 10, 20, 11, 2, 50, 36, 40, 56, 1, 34, 1, 15, 62, 39, 20, 52, 59, 10, 52, 32, 19, 34, 36, 22, 12, 54, 9, 42, 21, 6, 63, 6, 20, 5]
[2, 16, 1, 11, 34, 62, 48, 18, 64, 64, 4, 32, 27, 65, 43, 36, 16, 34, 35, 37, 34, 30, 2, 23, 38, 51, 54, 56, 38, 22, 54, 13, 65, 49, 58, 23, 4, 3, 8, 5, 66, 36, 36, 39, 11, 22, 15, 65, 49, 41, 46, 7, 45, 0, 12, 7, 7, 26, 38, 0, 24, 39, 64, 37, 66, 55, 38, 62, 9, 50, 19, 45, 48, 19, 2, 65, 13, 65, 50, 15, 54, 43, 11, 63, 44, 32, 66, 31, 62, 42, 66, 17, 27, 29, 31, 13, 45, 48, 43, 58, 49, 59, 48, 57, 17, 53, 47]
[34, 64, 43, 5, 17, 52, 0, 54, 65, 64, 36, 25, 52, 7, 56, 54, 42, 0, 26, 15, 24, 1, 50, 22, 41, 13, 48, 12, 57, 8, 53, 46, 52, 8, 48, 12, 45, 26, 23, 21, 52, 18, 1, 18, 22, 59, 9, 21, 44, 13, 63, 14, 19, 60, 28, 39, 30, 6, 13, 63, 16, 50, 27, 26, 28, 44, 21, 60, 44, 53, 38, 60, 13, 59, 10, 10, 51, 51, 15, 45, 35, 54, 19, 5, 15, 51, 46, 44, 40, 44, 37, 61, 19, 24, 41, 58, 44, 60, 37, 19, 63, 25, 13, 42, 5, 41, 10]
[52, 54, 62, 36, 15, 23, 5, 59, 59, 49, 50, 55, 30, 47, 49, 7, 26, 41, 22, 15, 58, 12, 54, 58, 34, 8, 5, 35, 1, 34, 46, 0, 38, 57, 25, 13, 4, 46, 43, 43, 9, 44, 65, 51, 6, 59, 4, 66, 66, 0, 21, 31, 61, 57, 37, 49, 5, 25, 29, 62, 47, 59, 22, 20, 1, 54, 30, 40, 24, 7, 10, 14, 16, 6, 54, 65, 51, 44, 9, 49, 39, 1, 18, 14, 53, 32, 20, 23, 11, 21, 46, 49, 66, 41, 15, 24, 34, 26, 21, 33, 44, 26, 62, 54, 11, 40, 23]
[1, 38, 6, 13, 16, 47, 44, 54, 64, 5, 28, 55, 47, 57, 8, 45, 15, 4, 6, 20, 53, 41, 28, 65, 60, 1, 60, 35, 22, 61, 11, 24, 53, 0, 24, 49, 18, 54, 21, 39, 39, 34, 47, 8, 62, 42, 16, 3, 1, 66, 41, 29, 23, 13, 33, 7, 56, 60, 52, 33, 41, 43, 41, 55, 16, 11, 51, 34, 21, 56, 25, 57, 40, 0, 4, 27, 64, 40, 27, 52, 57, 32, 0, 55, 49, 60, 57, 48, 26, 27, 33, 49, 4, 22, 12, 13, 3, 49, 13, 12, 17, 16, 33, 59, 11, 21, 12]
[45, 53, 4, 1, 22, 48, 48, 9, 46, 65, 48, 13, 17, 26, 54, 0, 58, 18, 29, 36, 26, 60, 61, 3, 31, 55, 13, 36, 52, 5, 7, 8, 54, 36, 17, 37, 56, 55, 59, 5, 53, 21, 16, 43, 58, 20, 9, 43, 40, 8, 64, 5, 13, 15, 65, 4, 4, 4, 9, 3, 34, 7, 24, 1, 22, 1, 45, 13, 47, 4, 23, 50, 2, 35, 33, 25, 5, 29, 40, 39, 65, 65, 25, 49, 40, 12, 31, 63, 23, 51, 47, 35, 64, 11, 58, 21, 5, 52, 35, 15, 14, 25, 41, 27, 33, 41, 11]
[51, 12, 50, 65, 46, 51, 43, 6, 35, 17, 20, 26, 12, 18, 45, 23, 38, 6, 56, 6, 20, 27, 11, 4, 32, 29, 13, 34, 62, 53, 9, 28, 30, 66, 46, 41, 26, 57, 50, 5, 54, 47, 6, 51, 14, 26, 9, 1, 15, 45, 24, 31, 56, 7, 17, 1, 5, 54, 23, 36, 27, 19, 6, 32, 58, 50, 57, 15, 22, 5, 43, 22, 43, 29, 51, 47, 3, 21, 9, 29, 6, 29, 42, 26, 32, 56, 41, 53, 5, 24, 44, 43, 63, 9, 46, 6, 45, 38, 64, 12, 28, 23, 8, 62, 8, 2, 57]
[10, 31, 56, 6, 55, 13, 33, 48, 25, 51, 29, 22, 59, 34, 6, 56, 15, 25, 63, 12, 31, 18, 23, 22, 6, 44, 61, 2, 11, 30, 14, 51, 2, 0, 12, 44, 26, 41, 56, 9, 21, 56, 29, 17, 27, 25, 63, 62, 51, 44, 7, 30, 47, 52, 15, 4, 1, 16, 35, 12, 37, 2, 3, 60, 24, 64, 55, 27, 46, 63, 36, 29, 23, 65, 57, 6, 55, 53, 3, 53, 57, 19, 32, 24, 19, 18, 30, 49, 16, 6, 65, 56, 26, 60, 9, 41, 2, 3, 22, 51, 60, 39, 15, 12, 38, 4, 18]
[33, 31, 60, 14, 54, 50, 27, 36, 42, 27, 56, 47, 62, 31, 52, 43, 52, 27, 8, 51, 64, 23, 16, 22, 53, 9, 57, 22, 45, 64, 39, 46, 27, 41, 54, 10, 29, 31, 52, 11, 34, 62, 48, 0, 32, 23, 12, 33, 50, 59, 59, 3, 58, 21, 29, 61, 53, 6, 19, 59, 39, 24, 58, 14, 26, 45, 14, 55, 1, 59, 28, 13, 6, 40, 46, 18, 50, 5, 59, 54, 23, 20, 27, 28, 25, 17, 10, 10, 63, 57, 23, 1, 2, 2, 16, 5, 35, 32, 64, 42, 18, 16, 28, 0, 27, 45, 57]
[13, 49, 52, 58, 63, 60, 35, 12, 33, 61, 44, 31, 5, 37, 62, 14, 6, 12, 31, 15, 47, 35, 38, 17, 59, 0, 38, 55, 49, 57, 43, 51, 38, 61, 36, 53, 41, 4, 50, 47, 58, 65, 28, 13, 58, 28, 49, 21, 26, 64, 6, 66, 57, 8, 44, 62, 0, 34, 14, 7, 27, 5, 58, 4, 56, 20, 62, 20, 23, 29, 30, 31, 53, 11, 0, 45, 62, 44, 34, 11, 46, 1, 22, 55, 56, 12, 50, 3, 60, 42, 43, 6, 55, 24, 46, 40, 8, 19, 27, 48, 8, 35, 25, 27, 64, 32, 21]
[40, 32, 20, 35, 60, 9, 24, 33, 51, 48, 62, 3, 45, 19, 35, 35, 32, 33, 60, 54, 47, 43, 47, 9, 65, 2, 25, 63, 4, 55, 17, 3, 46, 55, 23, 48, 15, 38, 42, 32, 5, 64, 53, 57, 54, 41, 1, 21, 29, 35, 37, 64, 53, 19, 7, 0, 37, 40, 22, 28, 11, 24, 57, 58, 36, 62, 63, 65, 46, 32, 46, 17, 37, 49, 9, 24, 31, 5, 6, 8, 10, 5, 57, 20, 46, 37, 17, 36, 32, 28, 53, 9, 25, 21, 56, 44, 41, 51, 49, 5, 5, 51, 65, 33, 31, 28, 36]
[31, 33, 17, 63, 9, 32, 22, 22, 54, 33, 55, 9, 40, 31, 64, 55, 25, 10, 66, 50, 26, 63, 55, 40, 2, 43, 36, 37, 38, 26, 60, 55, 23, 52, 59, 15, 46, 62, 8, 20, 36, 61, 57, 2, 49, 38, 29, 59, 8, 19, 12, 13, 36, 32, 50, 14, 30, 24, 28, 43, 41, 58, 35, 38, 15, 22, 36, 43, 5, 33, 40, 45, 45, 41, 25, 65, 59, 22, 44, 22, 63, 52, 22, 35, 59, 56, 11, 23, 14, 2, 43, 22, 49, 46, 1, 62, 44, 49, 17, 57, 62, 47, 46, 0, 7, 4, 33]
[37, 1, 43, 59, 53, 13, 20, 40, 11, 44, 54, 6, 50, 36, 21, 53, 2, 24, 11, 21, 16, 30, 1, 14, 59, 10, 6, 7, 28, 61, 20, 48, 54, 12, 31, 56, 62, 62, 1, 32, 43, 12, 37, 16, 27, 12, 1, 35, 56, 35, 45, 47, 46, 16, 45, 0, 25, 60, 3, 59, 8, 43, 15, 66, 56, 17, 47, 13, 2, 4, 47, 61, 44, 14, 5, 47, 38, 37, 29, 27, 51, 17, 17, 28, 45, 43, 46, 39, 53, 42, 66, 24, 65, 28, 52, 53, 22, 21, 7, 59, 43, 12, 18, 33, 39, 33, 47]
[9, 0, 27, 8, 0, 12, 54, 25, 7, 35, 5, 49, 21, 33, 66, 63, 11, 26, 58, 8, 37, 22, 2, 36, 4, 34, 54, 6, 58, 26, 18, 44, 17, 30, 48, 2, 41, 46, 2, 57, 32, 49, 46, 6, 16, 15, 12, 29, 39, 38, 10, 4, 48, 19, 42, 36, 28, 44, 6, 16, 46, 66, 56, 22, 33, 49, 20, 10, 37, 39, 11, 27, 25, 43, 6, 35, 13, 58, 16, 11, 10, 25, 10, 5, 23, 13, 65, 58, 61, 12, 59, 56, 37, 62, 11, 66, 33, 33, 60, 51, 20, 31, 27, 22, 45, 0, 30]
[50, 4, 56, 58, 31, 23, 23, 8, 13, 30, 32, 40, 30, 17, 5, 62, 57, 10, 2, 59, 55, 34, 27, 12, 65, 53, 16, 42, 15, 15, 59, 14, 61, 7, 64, 32, 66, 60, 51, 55, 62, 65, 38, 13, 65, 37, 0, 64, 37, 11, 56, 42, 6, 53, 56, 53, 51, 12, 61, 44, 23, 58, 11, 27, 62, 43, 36, 7, 15, 0, 39, 45, 8, 17, 30, 43, 15, 51, 14, 9, 62, 36, 55, 21, 17, 58, 27, 52, 20, 34, 52, 30, 24, 23, 3, 14, 50, 64, 44, 63, 10, 17, 33, 61, 35, 38, 52]
[2, 29, 20, 22, 12, 50, 1, 18, 20, 3, 18, 31, 51, 1, 13, 1, 29, 60, 35, 28, 63, 62, 56, 38, 7, 36, 0, 10, 13, 19, 20, 2, 62, 10, 54, 21, 48, 32, 50, 28, 32, 19, 26, 32, 51, 66, 32, 56, 8, 26, 62, 60, 53, 8, 49, 45, 63, 14, 23, 11, 28, 43, 56, 23, 64, 47, 27, 0, 16, 49, 12, 57, 55, 26, 27, 18, 5, 5, 43, 9, 20, 33, 19, 17, 60, 47, 33, 47, 37, 63, 14, 47, 56, 54, 63, 62, 56, 27, 47, 20, 23, 50, 25, 41, 50, 31, 56]
[6, 63, 21, 4, 49, 33, 29, 5, 23, 39, 55, 65, 62, 45, 42, 44, 4, 56, 45, 59, 64, 40, 27, 64, 32, 66, 63, 39, 28, 23, 39, 1, 23, 44, 57, 8, 2, 47, 30, 25, 5, 41, 47, 0, 44, 64, 45, 65, 15, 42, 44, 17, 24, 7, 9, 0, 2, 2, 11, 37, 50, 30, 12, 22, 34, 36, 38, 53, 21, 28, 30, 30, 10, 25, 25, 10, 40, 59, 26, 61, 52, 23, 12, 49, 22, 48, 15, 34, 8, 41, 53, 54, 22, 18, 27, 16, 32, 41, 54, 36, 54, 3, 3, 43, 2, 54, 4]
[16, 28, 5, 16, 18, 50, 3, 22, 24, 55, 36, 36, 66, 62, 65, 25, 56, 11, 59, 65, 56, 66, 31, 42, 9, 10, 31, 4, 58, 34, 33, 55, 22, 63, 18, 52, 3, 28, 3, 0, 63, 58, 23, 25, 38, 15, 0, 38, 9, 62, 48, 37, 36, 32, 27, 65, 7, 30, 17, 27, 14, 50, 6, 12, 46, 1, 4, 48, 47, 35, 33, 6, 50, 53, 56, 15, 3, 51, 6, 43, 46, 35, 56, 63, 52, 16, 26, 58, 9, 22, 64, 19, 36, 64, 6, 17, 22, 49, 33, 56, 50, 18, 8, 48, 32, 65, 44]
[65, 5, 12, 41, 38, 42, 23, 58, 59, 14, 61, 13, 50, 28, 37, 20, 45, 0, 1, 53, 51, 49, 0, 51, 4, 20, 4, 2, 18, 57, 42, 60, 24, 2, 24, 25, 31, 4, 46, 7, 33, 30, 16, 48, 26, 11, 25, 65, 41, 45, 32, 55, 31, 6, 13, 66, 60, 40, 38, 34, 49, 44, 65, 24, 47, 53, 48, 61, 58, 23, 1, 7, 13, 66, 26, 8, 20, 46, 59, 3, 5, 58, 9, 29, 39, 47, 30, 15, 39, 21, 2, 60, 32, 58, 1, 51, 37, 59, 63, 43, 24, 34, 35, 13, 32, 56, 5]
[48, 12, 62, 15, 42, 45, 40, 22, 48, 28, 50, 49, 38, 34, 35, 16, 24, 12, 24, 65, 44, 6, 18, 13, 47, 62, 15, 15, 61, 25, 35, 5, 31, 51, 41, 41, 32, 55, 32, 14, 9, 36, 64, 17, 5, 66, 27, 55, 61, 38, 8, 43, 61, 28, 55, 5, 62, 50, 51, 61, 60, 53, 47, 60, 55, 52, 62, 10, 30, 38, 4, 26, 26, 53, 30, 19, 58, 34, 7, 34, 1, 1, 61, 17, 49, 66, 32, 64, 66, 2, 55, 26, 61, 35, 58, 61, 21, 0, 5, 12, 19, 38, 23, 59, 29, 6, 8]
[30, 60, 58, 49, 23, 51, 47, 24, 1, 58, 64, 11, 40, 7, 59, 59, 52, 46, 37, 19, 37, 9, 33, 29, 6, 5, 50, 5, 38, 0, 12, 39, 51, 46, 61, 23, 62, 24, 7, 12, 11, 38, 52, 33, 62, 50, 10, 6, 44, 11, 21, 66, 60, 62, 40, 65, 3, 63, 60, 27, 38, 31, 61, 61, 10, 19, 17, 6, 37, 6, 38, 52, 47, 41, 60, 28, 30, 13, 20, 66, 34, 17, 14, 63, 58, 5, 50, 5, 56, 54, 47, 3, 61, 57, 59, 22, 4, 45, 13, 14, 59, 50, 58, 31, 20, 57, 22]
[1, 31, 53, 64, 0, 19, 6, 21, 33, 12, 61, 34, 35, 11, 38, 61, 25, 55, 12, 42, 1, 57, 47, 3, 30, 35, 63, 4, 61, 3, 14, 48, 39, 36, 37, 29, 56, 20, 35, 61, 1, 62, 34, 14, 45, 26, 49, 13, 54, 66, 16, 56, 9, 56, 58, 58, 18, 38, 5, 59, 39, 7, 42, 10, 4, 49, 17, 21, 36, 48, 54, 4, 65, 24, 62, 52, 65, 23, 59, 23, 51, 14, 34, 29, 20, 39, 29, 34, 8, 47, 57, 45, 27, 43, 31, 47, 13, 66, 40, 60, 15, 10, 21, 57, 36, 33, 13]
[12, 28, 57, 47, 38, 0, 34, 2, 1, 18, 51, 31, 46, 16, 13, 39, 36, 12, 22, 36, 36, 44, 28, 63, 61, 65, 31, 49, 4, 2, 51, 45, 64, 12, 16, 51, 51, 46, 51, 65, 12, 33, 62, 0, 63, 40, 66, 43, 9, 16, 22, 7, 46, 52, 51, 5, 41, 5, 2, 51, 58, 53, 12, 40, 54, 66, 11, 16, 6, 51, 56, 4, 7, 6, 27, 41, 1, 50, 61, 46, 37, 2, 1, 11, 39, 63, 41, 9, 53, 54, 62, 43, 16, 66, 45, 60, 28, 60, 25, 13, 17, 51, 12, 32, 2, 20, 58]
[8, 45, 58, 25, 31, 64, 35, 23, 21, 53, 43, 52, 6, 0, 39, 15, 18, 37, 15, 2, 26, 31, 24, 18, 14, 44, 22, 55, 59, 24, 47, 66, 64, 0, 54, 48, 59, 16, 2, 16, 39, 4, 6, 19, 48, 9, 59, 13, 58, 7, 15, 56, 9, 15, 20, 35, 40, 4, 52, 5, 2, 60, 23, 30, 1, 0, 60, 45, 24, 22, 27, 41, 8, 23, 32, 50, 7, 57, 65, 4, 8, 36, 46, 33, 64, 2, 65, 66, 33, 48, 7, 57, 35, 16, 49, 18, 61, 10, 33, 52, 41, 39, 3, 12, 58, 8, 45]
[44, 7, 40, 14, 41, 33, 22, 43, 22, 21, 14, 58, 31, 37, 23, 23, 18, 10, 8, 27, 54, 6, 61, 27, 17, 60, 53, 23, 40, 20, 8, 31, 12, 37, 56, 66, 47, 12, 62, 62, 31, 27, 19, 52, 12, 36, 54, 48, 11, 18, 10, 49, 43, 51, 24, 0, 22, 9, 1, 41, 36, 21, 39, 20, 31, 29, 21, 56, 15, 6, 32, 56, 1, 46, 18, 7, 60, 45, 38, 18, 22, 25, 17, 56, 59, 50, 5, 54, 25, 38, 33, 30, 36, 55, 60, 16, 49, 25, 65, 25, 20, 54, 15, 10, 15, 30, 53]
[38, 29, 5, 65, 21, 20, 26, 13, 11, 26, 18, 51, 61, 8, 45, 29, 2, 26, 10, 38, 61, 6, 40, 62, 21, 24, 65, 30, 20, 13, 26, 27, 1, 3, 42, 20, 15, 30, 47, 42, 44, 20, 34, 50, 3, 25, 33, 41, 21, 30, 28, 14, 29, 26, 26, 54, 32, 32, 35, 29, 65, 24, 49, 2, 66, 58, 51, 44, 6, 11, 23, 41, 14, 38, 31, 54, 40, 34, 37, 23, 4, 36, 40, 12, 27, 24, 2, 32, 24, 1, 4, 22, 44, 55, 35, 61, 5, 0, 21, 7, 56, 42, 31, 1, 42, 51, 51]
[63, 38, 7, 7, 32, 47, 26, 48, 2, 56, 56, 33, 31, 30, 9, 43, 48, 0, 23, 62, 7, 6, 42, 25, 59, 23, 66, 59, 50, 15, 52, 30, 17, 4, 1, 22, 61, 19, 22, 56, 61, 24, 37, 14, 44, 39, 36, 44, 54, 14, 14, 40, 12, 26, 34, 20, 11, 52, 34, 28, 10, 50, 56, 34, 13, 28, 21, 61, 18, 8, 7, 44, 60, 30, 60, 18, 28, 59, 25, 60, 47, 46, 50, 25, 52, 61, 16, 16, 31, 24, 38, 23, 66, 16, 4, 36, 21, 38, 50, 40, 49, 50, 0, 25, 57, 64, 16]
[63, 13, 47, 44, 36, 1, 65, 25, 31, 63, 13, 57, 27, 12, 11, 60, 3, 47, 52, 50, 7, 63, 46, 28, 61, 15, 25, 17, 46, 62, 12, 66, 66, 32, 38, 22, 18, 5, 47, 37, 5, 8, 3, 44, 12, 39, 9, 47, 35, 40, 41, 5, 10, 9, 39, 53, 18, 42, 40, 33, 34, 42, 0, 17, 33, 16, 45, 38, 21, 54, 44, 19, 29, 7, 56, 12, 57, 58, 59, 20, 2, 63, 48, 40, 15, 42, 2, 13, 50, 4, 23, 56, 31, 8, 50, 27, 42, 59, 18, 40, 28, 64, 20, 28, 43, 60, 17]
[14, 57, 59, 51, 58, 66, 15, 30, 26, 33, 62, 44, 24, 54, 17, 10, 21, 33, 45, 55, 51, 24, 8, 64, 59, 43, 31, 54, 15, 10, 47, 32, 57, 30, 60, 21, 46, 39, 48, 37, 41, 66, 30, 22, 50, 16, 15, 60, 39, 36, 29, 11, 9, 3, 59, 50, 62, 64, 18, 54, 62, 36, 19, 27, 16, 12, 24, 15, 15, 52, 63, 52, 50, 28, 11, 47, 51, 58, 46, 60, 64, 6, 34, 12, 26, 10, 18, 31, 37, 21, 54, 55, 59, 1, 35, 15, 64, 30, 51, 50, 45, 44, 65, 30, 33, 34, 36]
[2, 30, 18, 47, 57, 17, 41, 60, 2, 52, 1, 30, 12, 17, 0, 37, 43, 56, 30, 43, 20, 20, 44, 7, 49, 49, 4, 9, 4, 8, 10, 55, 54, 2, 2, 57, 30, 54, 60, 60, 36, 39, 1, 44, 63, 13, 50, 0, 56, 17, 65, 3, 17, 43, 5, 63, 47, 0, 44, 44, 37, 40, 51, 39, 26, 34, 1, 55, 38, 18, 20, 53, 19, 55, 50, 23, 58, 17, 30, 33, 57, 11, 66, 58, 30, 12, 0, 3, 46, 39, 38, 5, 64, 38, 39, 45, 49, 58, 37, 33, 58, 59, 51, 66, 23, 58, 3]
[55, 1, 27, 23, 10, 15, 36, 0, 64, 6, 18, 66, 62, 18, 52, 41, 12, 31, 33, 9, 52, 43, 0, 63, 45, 49, 49, 52, 26, 42, 4, 6, 51, 11, 16, 20, 65, 46, 56, 30, 20, 64, 24, 40, 61, 49, 6, 28, 56, 51, 40, 55, 8, 7, 66, 11, 65, 27, 15, 38, 15, 65, 27, 53, 16, 23, 14, 63, 35, 62, 41, 26, 12, 29, 18, 32, 63, 10, 17, 6, 27, 0, 45, 52, 1, 59, 43, 15, 21, 13, 34, 41, 43, 22, 28, 33, 38, 28, 56, 19, 18, 57, 20, 35, 45, 30, 33]
[0, 62, 17, 50, 51, 20, 30, 47, 18, 20, 33, 4, 43, 41, 61, 55, 59, 27, 10, 0, 7, 63, 42, 50, 33, 63, 23, 25, 50, 54, 32, 44, 40, 0, 23, 40, 63, 22, 29, 36, 66, 28, 21, 4, 17, 31, 56, 23, 0, 53, 41, 64, 47, 12, 31, 19, 50, 1, 63, 0, 7, 26, 4, 23, 51, 41, 45, 30, 32, 65, 47, 47, 16, 12, 32, 12, 29, 64, 24, 8, 53, 17, 60, 60, 11, 50, 11, 9, 4, 7, 54, 37, 6, 60, 20, 34, 15, 54, 57, 18, 12, 34, 26, 64, 42, 55, 20]
[8, 23, 6, 63, 56, 5, 47, 65, 41, 3, 30, 6, 60, 26, 51, 40, 29, 36, 11, 0, 13, 51, 13, 58, 38, 21, 4, 55, 32, 22, 18, 53, 17, 44, 20, 31, 45, 57, 40, 57, 20, 56, 12, 12, 52, 16, 36, 14, 42, 50, 17, 48, 44, 22, 10, 45, 54, 61, 40, 59, 59, 37, 19, 34, 57, 44, 42, 60, 21, 32, 56, 48, 62, 62, 54, 66, 15, 11, 45, 34, 5, 9, 19, 19, 11, 59, 60, 19, 44, 31, 7, 47, 15, 36, 18, 13, 66, 31, 48, 36, 49, 60, 49, 38, 38, 59, 38]
[12, 19, 8, 8, 41, 46, 57, 34, 57, 28, 10, 41, 35, 5, 8, 38, 40, 32, 13, 44, 19, 22, 2, 58, 44, 49, 37, 63, 50, 35, 11, 22, 57, 11, 26, 52, 15, 56, 58, 25, 61, 23, 26, 12, 66, 8, 9, 57, 17, 10, 8, 38, 42, 29, 40, 14, 0, 23, 23, 11, 19, 25, 37, 39, 13, 9, 49, 5, 63, 42, 27, 3, 47, 29, 6, 15, 64, 34, 1, 28, 23, 61, 48, 51, 27, 64, 27, 28, 45, 29, 42, 40, 30, 54, 40, 23, 66, 18, 8, 7, 9, 54, 33, 28, 17, 35, 51]
[9, 50, 48, 35, 29, 63, 46, 62, 16, 13, 16, 35, 14, 25, 57, 5, 57, 26, 24, 45, 41, 13, 31, 15, 47, 64, 29, 50, 33, 33, 58, 0, 15, 22, 38, 49, 54, 20, 0, 40, 27, 43, 60, 17, 52, 29, 39, 50, 52, 65, 15, 5, 31, 3, 28, 32, 31, 44, 26, 11, 20, 41, 7, 26, 60, 35, 66, 10, 59, 11, 9, 16, 49, 3, 13, 51, 33, 36, 18, 29, 1, 21, 18, 14, 16, 51, 49, 8, 17, 3, 65, 27, 37, 58, 24, 1, 36, 17, 16, 9, 49, 26, 34, 37, 22, 17, 66]
[54, 56, 47, 57, 21, 10, 23, 28, 21, 62, 16, 16, 59, 28, 35, 20, 57, 39, 35, 62, 44, 10, 56, 9, 27, 56, 23, 10, 36, 23, 43, 40, 55, 38, 54, 5, 65, 41, 53, 48, 31, 55, 54, 24, 43, 12, 10, 55, 63, 4, 62, 11, 58, 55, 53, 46, 13, 58, 39, 32, 11, 59, 59, 51, 52, 60, 8, 50, 18, 23, 5, 44, 55, 36, 29, 4, 59, 56, 9, 41, 61, 30, 0, 46, 1, 32, 24, 49, 33, 54, 65, 64, 4, 60, 34, 9, 23, 5, 27, 10, 1, 65, 4, 17, 54, 6, 20]
[48, 65, 64, 28, 64, 6, 49, 65, 6, 2, 42, 42, 10, 22, 11, 52, 43, 46, 66, 40, 36, 8, 12, 8, 25, 25, 5, 10, 18, 45, 21, 50, 3, 29, 49, 13, 64, 51, 35, 38, 56, 32, 47, 5, 3, 63, 22, 36, 16, 36, 57, 55, 45, 14, 1, 44, 0, 46, 46, 3, 61, 26, 16, 62, 40, 8, 32, 3, 47, 4, 45, 27, 37, 46, 9, 28, 3, 28, 1, 59, 13, 51, 37, 1, 49, 47, 19, 53, 2, 4, 41, 48, 35, 45, 12, 7, 54, 37, 61, 4, 32, 27, 39, 0, 57, 5, 13]
[59, 60, 13, 5, 44, 50, 49, 2, 19, 65, 44, 49, 6, 16, 36, 14, 19, 19, 40, 44, 8, 48, 63, 19, 20, 16, 25, 65, 27, 41, 65, 41, 2, 63, 19, 14, 44, 36, 55, 10, 55, 60, 19, 58, 42, 22, 15, 21, 24, 56, 46, 46, 23, 6, 16, 51, 62, 56, 4, 42, 59, 8, 19, 13, 2, 52, 21, 60, 29, 11, 54, 32, 34, 64, 31, 5, 15, 41, 48, 42, 63, 54, 34, 4, 29, 65, 37, 62, 44, 55, 37, 42, 12, 49, 29, 14, 2, 52, 65, 41, 13, 41, 24, 25, 42, 41, 46]
[2, 6, 25, 38, 1, 45, 27, 17, 55, 24, 37, 62, 28, 17, 13, 11, 39, 3, 52, 45, 7, 21, 2, 1, 56, 40, 49, 35, 32, 19, 23, 37, 32, 37, 17, 33, 18, 57, 52, 14, 47, 55, 43, 66, 36, 52, 20, 27, 10, 32, 11, 28, 13, 38, 52, 16, 64, 3, 11, 10, 54, 25, 30, 64, 6, 17, 7, 30, 17, 57, 17, 21, 16, 48, 33, 10, 22, 17, 47, 11, 53, 37, 14, 46, 29, 61, 56, 59, 11, 27, 11, 39, 25, 61, 38, 64, 5, 4, 58, 23, 19, 37, 47, 29, 15, 64, 7]
[28, 47, 65, 6, 22, 4, 13, 25, 11, 54, 31, 38, 58, 42, 21, 31, 57, 34, 11, 55, 56, 59, 52, 55, 37, 4, 24, 17, 5, 5, 52, 53, 49, 11, 23, 12, 2, 58, 50, 37, 40, 11, 50, 46, 15, 32, 18, 46, 64, 57, 51, 18, 34, 41, 56, 56, 35, 44, 43, 4, 18, 46, 28, 45, 40, 15, 44, 44, 56, 28, 30, 15, 60, 66, 11, 58, 39, 59, 53, 12, 24, 24, 8, 62, 62, 46, 41, 62, 32, 28, 7, 38, 35, 61, 41, 42, 37, 19, 39, 19, 38, 56, 41, 66, 8, 59, 17]
[55, 48, 47, 26, 49, 56, 2, 50, 33, 59, 32, 53, 41, 0, 50, 65, 64, 41, 28, 8, 37, 5, 21, 52, 64, 43, 65, 25, 39, 56, 2, 7, 22, 22, 46, 3, 2, 18, 59, 15, 15, 37, 1, 20, 1, 22, 13, 2, 30, 15, 1, 43, 27, 54, 19, 15, 19, 39, 11, 51, 54, 64, 17, 66, 66, 14, 28, 60, 40, 30, 4, 51, 64, 47, 44, 14, 33, 32, 46, 10, 27, 50, 15, 62, 15, 55, 39, 17, 64, 50, 53, 26, 23, 31, 51, 62, 0, 21, 33, 26, 63, 14, 30, 25, 62, 49, 61]
[34, 17, 17, 58, 39, 59, 23, 12, 18, 10, 56, 27, 29, 43, 45, 4, 9, 57, 66, 7, 55, 61, 37, 36, 40, 8, 0, 26, 16, 17, 21, 4, 25, 25, 14, 56, 12, 48, 6, 44, 36, 19, 18, 36, 18, 40, 51, 19, 14, 13, 37, 38, 26, 37, 52, 51, 36, 7, 32, 63, 0, 56, 49, 66, 18, 0, 65, 2, 20, 27, 45, 36, 32, 42, 64, 63, 47, 57, 10, 48, 37, 38, 33, 6, 6, 33, 11, 26, 5, 38, 55, 0, 26, 52, 35, 26, 40, 48, 61, 31, 12, 63, 9, 12, 47, 29, 35]
[30, 36, 43, 31, 3, 31, 22, 64, 50, 39, 32, 10, 47, 6, 40, 19, 63, 52, 52, 33, 19, 56, 9, 35, 2, 7, 60, 29, 55, 29, 16, 56, 23, 47, 24, 30, 45, 30, 47, 57, 19, 56, 51, 22, 46, 37, 47, 15, 2, 19, 56, 1, 11, 18, 0, 17, 34, 37, 29, 52, 0, 10, 28, 35, 4, 37, 4, 17, 57, 45, 66, 11, 3, 3, 7, 60, 37, 45, 51, 49, 52, 23, 25, 39, 45, 46, 57, 34, 37, 45, 30, 17, 47, 46, 11, 52, 5, 62, 51, 31, 3, 6, 64, 2, 50, 49, 6]
[7, 36, 39, 64, 61, 0, 15, 39, 48, 66, 14, 15, 46, 3, 4, 27, 56, 59, 53, 27, 9, 0, 66, 45, 64, 23, 66, 32, 49, 33, 0, 57, 10, 15, 36, 28, 63, 4, 40, 31, 37, 28, 51, 40, 31, 45, 26, 64, 17, 32, 21, 64, 14, 10, 28, 53, 41, 12, 8, 44, 21, 32, 54, 21, 39, 44, 51, 61, 35, 45, 42, 64, 33, 25, 24, 53, 8, 8, 50, 50, 29, 60, 13, 20, 59, 31, 16, 52, 61, 32, 52, 40, 4, 52, 57, 17, 60, 2, 28, 2, 14, 16, 61, 48, 38, 26, 54]
[53, 60, 36, 18, 32, 12, 40, 25, 59, 30, 4, 23, 61, 36, 48, 25, 14, 65, 21, 51, 53, 36, 27, 66, 49, 42, 40, 47, 22, 60, 28, 49, 51, 26, 45, 41, 57, 11, 4, 12, 31, 58, 27, 9, 56, 49, 62, 32, 57, 23, 57, 17, 45, 55, 9, 56, 54, 49, 37, 62, 41, 20, 0, 17, 47, 13, 63, 17, 6, 10, 46, 18, 2, 11, 66, 44, 37, 20, 53, 28, 6, 14, 63, 56, 27, 16, 43, 11, 9, 29, 64, 32, 22, 19, 30, 63, 2, 16, 18, 15, 9, 32, 16, 16, 39, 40, 63]
[36, 62, 57, 16, 52, 52, 12, 31, 41, 56, 16, 48, 18, 55, 36, 17, 66, 33, 20, 45, 50, 40, 14, 60, 55, 6, 20, 5, 4, 14, 4, 65, 9, 56, 13, 32, 52, 65, 18, 38, 6, 59, 63, 18, 60, 66, 11, 43, 53, 26, 66, 21, 34, 53, 66, 42, 21, 20, 30, 28, 30, 44, 37, 64, 44, 66, 57, 35, 27, 42, 54, 25, 36, 1, 11, 53, 62, 46, 60, 32, 22, 25, 41, 58, 37, 12, 15, 4, 27, 25, 17, 31, 19, 45, 21, 61, 40, 37, 15, 26, 34, 1, 11, 51, 29, 51, 31]
[20, 53, 24, 45, 23, 28, 30, 22, 47, 64, 48, 57, 55, 48, 7, 6, 60, 57, 46, 7, 53, 33, 40, 20, 39, 23, 59, 62, 52, 12, 58, 18, 9, 40, 30, 48, 3, 59, 63, 33, 43, 34, 33, 5, 17, 41, 46, 54, 37, 40, 64, 34, 62, 22, 12, 56, 59, 7, 47, 20, 32, 15, 56, 50, 65, 50, 37, 20, 55, 38, 55, 63, 37, 2, 18, 48, 45, 6, 48, 26, 0, 29, 40, 0, 41, 32, 41, 44, 19, 47, 8, 29, 50, 1, 48, 58, 1, 19, 63, 8, 34, 5, 24, 55, 17, 26, 48]
[65, 65, 14, 11, 18, 8, 45, 52, 61, 49, 58, 35, 59, 62, 1, 39, 63, 19, 8, 10, 52, 15, 62, 47, 19, 37, 66, 20, 39, 3, 66, 34, 25, 20, 48, 41, 41, 8, 58, 57, 56, 0, 35, 11, 6, 5, 22, 16, 2, 33, 4, 17, 16, 18, 41, 31, 64, 49, 52, 27, 2, 62, 48, 38, 4, 54, 5, 56, 4, 56, 1, 3, 2, 32, 43, 50, 0, 54, 3, 6, 11, 8, 7, 31, 59, 48, 9, 11, 28, 57, 17, 28, 5, 54, 57, 8, 59, 61, 56, 14, 57, 19, 46, 44, 60, 15, 55]
[43, 0, 64, 34, 41, 63, 35, 29, 23, 46, 15, 26, 35, 63, 22, 65, 8, 37, 50, 58, 1, 46, 3, 27, 56, 46, 13, 11, 45, 18, 36, 56, 6, 23, 30, 10, 39, 58, 14, 32, 62, 10, 22, 35, 56, 37, 18, 34, 51, 52, 17, 13, 45, 12, 63, 45, 64, 22, 16, 57, 39, 19, 58, 66, 2, 56, 51, 7, 1, 64, 49, 50, 53, 19, 53, 31, 48, 54, 7, 0, 2, 50, 40, 6, 18, 18, 40, 16, 63, 63, 8, 48, 35, 60, 41, 58, 19, 22, 16, 11, 34, 19, 50, 66, 41, 3, 21]
[8, 13, 14, 1, 25, 30, 44, 14, 63, 44, 5, 56, 34, 8, 7, 25, 44, 20, 49, 15, 1, 21, 60, 56, 50, 49, 65, 6, 36, 35, 38, 18, 62, 63, 65, 13, 48, 3, 9, 39, 28, 24, 46, 44, 38, 19, 17, 27, 50, 22, 24, 53, 12, 12, 32, 32, 66, 11, 36, 15, 3, 23, 40, 59, 63, 48, 32, 34, 66, 51, 13, 49, 4, 38, 35, 17, 59, 15, 38, 12, 18, 21, 60, 46, 56, 0, 47, 64, 52, 61, 48, 49, 47, 18, 1, 49, 21, 40, 2, 65, 17, 65, 5, 65, 66, 30, 10]
[14, 54, 36, 7, 50, 11, 56, 21, 48, 7, 31, 21, 48, 32, 6, 34, 4, 60, 50, 10, 29, 33, 57, 5, 3, 20, 40, 57, 47, 53, 22, 10, 4, 6, 62, 32, 60, 23, 54, 21, 47, 14, 36, 22, 13, 64, 50, 3, 29, 57, 21, 35, 22, 24, 53, 55, 27, 58, 52, 7, 8, 61, 64, 62, 7, 2, 0, 65, 29, 7, 34, 19, 56, 61, 62, 15, 43, 33, 59, 42, 23, 46, 5, 66, 36, 31, 61, 61, 48, 48, 15, 43, 55, 12, 21, 32, 43, 63, 20, 11, 63, 56, 56, 15, 30, 49, 55]
[12, 12, 58, 24, 12, 2, 53, 30, 47, 54, 0, 44, 49, 57, 25, 19, 15, 8, 42, 20, 38, 56, 41, 37, 37, 16, 32, 49, 52, 59, 60, 30, 1, 59, 9, 21, 52, 4, 5, 41, 53, 16, 38, 9, 35, 56, 52, 22, 65, 60, 15, 5, 56, 12, 55, 60, 48, 34, 21, 65, 32, 15, 53, 57, 38, 6, 58, 65, 44, 14, 42, 17, 19, 32, 3, 63, 12, 55, 41, 45, 13, 42, 19, 28, 5, 61, 39, 7, 15, 46, 20, 21, 7, 2, 42, 44, 14, 28, 15, 8, 33, 51, 2, 53, 8, 3, 56]
[46, 62, 33, 35, 51, 43, 10, 31, 17, 18, 13, 22, 47, 29, 6, 1, 6, 59, 55, 59, 23, 27, 6, 1, 22, 9, 30, 41, 19, 44, 27, 58, 12, 26, 60, 39, 11, 49, 50, 30, 13, 42, 1, 38, 36, 14, 43, 29, 55, 2, 33, 45, 29, 5, 4, 27, 54, 7, 41, 53, 22, 25, 37, 35, 0, 3, 42, 58, 11, 59, 61, 41, 29, 63, 49, 14, 36, 60, 64, 10, 35, 64, 29, 61, 14, 20, 33, 50, 15, 0, 11, 44, 26, 53, 53, 39, 56, 65, 33, 18, 26, 11, 39, 33, 9, 39, 59]
[40, 63, 27, 14, 24, 29, 14, 53, 41, 25, 55, 3, 18, 14, 3, 41, 30, 6, 39, 29, 18, 59, 59, 39, 7, 5, 13, 60, 59, 45, 20, 51, 37, 41, 66, 46, 15, 11, 42, 58, 5, 33, 6, 44, 24, 9, 52, 54, 18, 37, 2, 23, 61, 10, 41, 2, 46, 63, 14, 54, 13, 57, 14, 1, 1, 59, 43, 33, 65, 21, 54, 31, 23, 16, 63, 6, 27, 10, 34, 51, 57, 15, 38, 31, 60, 42, 46, 22, 41, 36, 34, 35, 62, 23, 30, 48, 29, 12, 36, 27, 54, 62, 13, 7, 34, 39, 47]
[59, 31, 42, 38, 41, 37, 14, 66, 44, 65, 63, 44, 58, 18, 49, 16, 12, 31, 34, 29, 41, 25, 22, 40, 49, 57, 14, 10, 26, 25, 64, 65, 1, 33, 29, 28, 1, 58, 24, 32, 45, 60, 18, 50, 6, 62, 22, 49, 3, 43, 64, 31, 19, 46, 55, 36, 13, 42, 37, 55, 23, 65, 44, 46, 7, 32, 47, 60, 32, 49, 55, 27, 4, 3, 18, 5, 57, 25, 50, 45, 32, 37, 56, 15, 63, 29, 15, 39, 25, 66, 64, 52, 13, 55, 2, 48, 2, 48, 40, 45, 19, 23, 66, 11, 53, 24, 27]
[18, 23, 66, 31, 49, 22, 15, 51, 50, 46, 26, 44, 38, 34, 11, 58, 28, 60, 65, 16, 33, 16, 29, 49, 55, 46, 36, 10, 39, 47, 17, 14, 45, 44, 51, 33, 18, 35, 0, 33, 28, 17, 59, 1, 34, 33, 63, 10, 5, 28, 22, 2, 4, 23, 52, 43, 20, 66, 12, 55, 28, 49, 33, 30, 29, 27, 52, 11, 61, 31, 10, 27, 26, 3, 65, 27, 10, 53, 51, 43, 9, 53, 55, 56, 64, 26, 53, 46, 52, 38, 9, 20, 9, 39, 31, 60, 61, 42, 0, 7, 41, 42, 3, 50, 11, 45, 20]
[63, 36, 51, 14, 20, 30, 50, 57, 66, 51, 5, 37, 51, 44, 24, 51, 44, 42, 29, 4, 34, 39, 59, 14, 0, 63, 44, 37, 26, 59, 22, 38, 13, 14, 60, 55, 18, 51, 25, 31, 37, 28, 66, 65, 46, 25, 31, 7, 65, 3, 18, 53, 29, 32, 30, 7, 38, 45, 21, 66, 10, 46, 43, 43, 2, 20, 30, 62, 41, 29, 5, 51, 49, 45, 35, 11, 44, 53, 21, 29, 60, 34, 41, 63, 49, 30, 60, 49, 49, 43, 12, 32, 8, 40, 18, 33, 66, 53, 59, 58, 26, 8, 10, 45, 56, 65, 2]
[20, 55, 43, 12, 55, 27, 23, 14, 16, 13, 11, 61, 42, 45, 31, 59, 2, 12, 53, 57, 62, 14, 42, 53, 48, 6, 47, 5, 25, 14, 57, 48, 35, 20, 27, 0, 6, 55, 1, 35, 34, 50, 32, 63, 6, 20, 52, 66, 66, 20, 17, 16, 15, 9, 47, 23, 26, 40, 10, 64, 4, 59, 65, 45, 11, 18, 13, 61, 8, 49, 10, 22, 18, 66, 11, 53, 50, 65, 22, 20, 10, 10, 42, 63, 31, 20, 50, 57, 54, 47, 45, 14, 49, 50, 18, 38, 12, 14, 2, 23, 64, 53, 28, 52, 50, 66, 27]
[56, 39, 37, 52, 30, 6, 12, 55, 30, 66, 23, 8, 34, 16, 10, 58, 56, 56, 57, 55, 10, 46, 54, 37, 55, 46, 48, 3, 59, 12, 65, 8, 33, 12, 38, 15, 28, 1, 6, 20, 40, 34, 11, 27, 8, 65, 40, 42, 62, 12, 44, 46, 3, 41, 38, 46, 36, 1, 44, 51, 54, 37, 60, 65, 42, 46, 10, 20, 59, 48, 10, 43, 15, 35, 60, 46, 10, 10, 65, 42, 65, 64, 49, 59, 30, 23, 38, 9, 14, 8, 49, 60, 1, 47, 6, 22, 62, 18, 56, 34, 25, 44, 26, 30, 3, 35, 23]
[32, 47, 66, 49, 32, 60, 3, 16, 50, 39, 12, 66, 51, 30, 16, 28, 25, 57, 53, 48, 29, 1, 61, 47, 48, 63, 64, 27, 22, 10, 50, 59, 58, 41, 35, 24, 37, 43, 48, 39, 0, 60, 31, 8, 39, 24, 39, 52, 11, 7, 32, 27, 13, 32, 25, 14, 10, 27, 0, 63, 2, 16, 14, 37, 5, 56, 52, 24, 27, 27, 46, 34, 46, 24, 18, 56, 44, 3, 64, 32, 55, 8, 57, 28, 45, 65, 40, 52, 62, 58, 12, 59, 47, 17, 21, 33, 64, 60, 7, 27, 12, 19, 26, 61, 32, 40, 53]
[2, 28, 22, 2, 14, 23, 2, 17, 37, 44, 25, 10, 44, 63, 15, 10, 50, 29, 11, 48, 22, 29, 36, 3, 7, 49, 43, 6, 20, 41, 63, 25, 5, 17, 40, 61, 36, 44, 22, 26, 27, 60, 8, 56, 21, 53, 50, 63, 0, 38, 6, 12, 46, 61, 0, 17, 51, 64, 44, 37, 34, 31, 54, 17, 32, 58, 45, 9, 36, 18, 54, 56, 33, 61, 62, 10, 42, 1, 44, 43, 59, 13, 6, 54, 50, 5, 18, 45, 9, 22, 3, 0, 11, 10, 47, 7, 28, 56, 51, 13, 63, 1, 22, 59, 55, 3, 63]
[0, 32, 23, 44, 16, 2, 22, 28, 4, 65, 60, 7, 62, 12, 15, 12, 52, 22, 38, 65, 39, 62, 49, 16, 48, 58, 62, 50, 26, 21, 11, 49, 21, 6, 26, 6, 44, 42, 37, 24, 31, 14, 15, 15, 3, 49, 21, 59, 2, 46, 33, 32, 23, 13, 37, 48, 56, 25, 10, 63, 20, 16, 24, 6, 36, 24, 24, 13, 46, 22, 14, 35, 34, 52, 6, 27, 41, 35, 17, 5, 16, 48, 42, 40, 17, 41, 32, 54, 36, 50, 46, 41, 25, 8, 1, 0, 27, 61, 6, 5, 36, 10, 31, 7, 42, 42, 50]
[23, 49, 54, 52, 49, 64, 43, 63, 47, 43, 30, 47, 26, 10, 43, 37, 24, 40, 8, 48, 11, 40, 47, 51, 10, 5, 8, 10, 65, 17, 32, 51, 9, 9, 2, 44, 40, 11, 45, 30, 59, 12, 46, 35, 8, 0, 24, 59, 10, 11, 63, 27, 22, 44, 45, 19, 42, 46, 64, 10, 36, 49, 5, 14, 54, 7, 65, 29, 3, 26, 4, 40, 0, 31, 36, 25, 63, 32, 55, 65, 33, 56, 21, 60, 30, 8, 26, 15, 44, 48, 56, 10, 14, 48, 51, 42, 33, 49, 31, 60, 66, 17, 8, 27, 35, 51, 25]
[61, 59, 39, 21, 8, 39, 42, 47, 38, 46, 29, 46, 57, 24, 65, 42, 49, 49, 36, 49, 47, 9, 54, 61, 16, 49, 23, 18, 42, 55, 63, 64, 64, 63, 38, 23, 3, 21, 2, 25, 19, 37, 8, 30, 35, 37, 63, 9, 31, 30, 17, 32, 66, 47, 21, 12, 15, 53, 65, 29, 33, 42, 59, 26, 32, 58, 14, 61, 66, 15, 13, 42, 54, 4, 62, 48, 21, 36, 18, 62, 28, 32, 44, 50, 59, 42, 63, 20, 10, 28, 47, 10, 4, 7, 64, 34, 14, 48, 6, 33, 28, 28, 36, 55, 53, 39, 31]
[40, 31, 0, 28, 4, 48, 43, 64, 31, 30, 42, 55, 53, 51, 10, 49, 13, 64, 55, 39, 45, 52, 33, 19, 4, 7, 24, 38, 30, 17, 61, 14, 48, 52, 10, 0, 10, 45, 37, 29, 18, 27, 27, 42, 21, 49, 54, 45, 14, 3, 35, 2, 30, 34, 60, 12, 41, 51, 49, 25, 57, 52, 57, 10, 2, 7, 9, 48, 27, 26, 0, 27, 8, 22, 39, 21, 51, 21, 31, 29, 24, 3, 7, 57, 42, 63, 30, 40, 10, 4, 0, 6, 12, 26, 18, 23, 36, 16, 54, 52, 43, 42, 48, 18, 8, 17, 44]
[51, 13, 11, 21, 41, 8, 41, 16, 60, 34, 15, 58, 11, 21, 17, 19, 54, 34, 11, 2, 35, 18, 45, 21, 10, 30, 5, 6, 0, 20, 2, 44, 5, 49, 16, 17, 18, 36, 58, 44, 10, 21, 9, 34, 32, 64, 54, 36, 41, 60, 20, 57, 49, 48, 34, 66, 27, 41, 56, 26, 0, 35, 44, 48, 56, 0, 55, 44, 19, 54, 52, 4, 26, 17, 14, 61, 9, 55, 60, 32, 2, 59, 25, 20, 28, 49, 35, 65, 60, 59, 28, 26, 59, 25, 52, 21, 26, 15, 55, 58, 5, 56, 5, 64, 40, 63, 32]
[28, 7, 5, 4, 15, 57, 9, 5, 34, 8, 65, 24, 16, 35, 21, 6, 61, 3, 3, 58, 63, 20, 37, 5, 48, 12, 50, 17, 58, 42, 28, 32, 21, 52, 35, 23, 61, 26, 24, 57, 53, 39, 64, 6, 29, 66, 59, 45, 36, 23, 64, 42, 26, 65, 36, 62, 2, 5, 49, 11, 51, 43, 59, 46, 45, 58, 24, 36, 19, 20, 36, 37, 46, 42, 0, 29, 39, 48, 42, 44, 34, 0, 57, 2, 57, 14, 12, 37, 14, 13, 17, 5, 51, 26, 29, 15, 58, 66, 47, 64, 48, 49, 10, 46, 44, 26, 24]
[13, 35, 55, 0, 28, 20, 65, 65, 25, 58, 8, 3, 59, 59, 64, 62, 28, 17, 64, 49, 15, 59, 25, 32, 12, 36, 0, 25, 2, 18, 4, 41, 29, 53, 38, 16, 41, 19, 60, 45, 58, 49, 0, 12, 15, 34, 0, 54, 31, 61, 31, 19, 48, 57, 26, 47, 57, 22, 18, 23, 43, 40, 51, 66, 53, 54, 16, 24, 29, 49, 56, 20, 49, 49, 60, 54, 36, 25, 11, 6, 54, 34, 37, 8, 64, 57, 3, 45, 54, 25, 59, 25, 38, 54, 53, 43, 61, 11, 49, 0, 65, 60, 33, 37, 9, 22, 54]
[14, 21, 34, 50, 31, 41, 19, 65, 60, 1, 20, 15, 55, 21, 31, 12, 32, 49, 14, 10, 64, 34, 65, 1, 47, 3, 65, 25, 26, 54, 52, 28, 44, 1, 17, 17, 40, 28, 39, 19, 60, 29, 39, 5, 12, 15, 21, 40, 63, 42, 56, 14, 6, 24, 16, 33, 40, 21, 7, 33, 52, 47, 62, 7, 48, 44, 4, 51, 25, 7, 51, 7, 46, 51, 21, 34, 18, 59, 3, 28, 39, 6, 44, 52, 36, 30, 11, 36, 56, 39, 39, 17, 34, 35, 9, 14, 39, 23, 42, 41, 17, 30, 21, 48, 60, 9, 53]
[4, 48, 47, 59, 7, 61, 43, 61, 15, 58, 6, 14, 60, 36, 43, 58, 59, 53, 51, 17, 18, 2, 2, 13, 27, 56, 55, 31, 14, 15, 60, 16, 13, 1, 49, 5, 6, 60, 2, 18, 58, 25, 35, 32, 24, 53, 24, 14, 29, 35, 25, 20, 52, 21, 56, 36, 29, 31, 53, 47, 52, 40, 41, 26, 11, 9, 25, 45, 28, 10, 36, 9, 18, 44, 66, 23, 44, 18, 65, 40, 27, 5, 48, 26, 31, 26, 60, 20, 17, 43, 40, 45, 3, 8, 0, 60, 66, 6, 36, 3, 30, 12, 27, 1, 20, 63, 50]
[29, 7, 31, 56, 26, 27, 16, 19, 35, 17, 40, 45, 26, 11, 17, 14, 18, 37, 64, 48, 55, 37, 40, 5, 36, 63, 0, 32, 64, 3, 11, 23, 49, 58, 24, 48, 56, 40, 43, 39, 24, 4, 26, 2, 42, 4, 28, 12, 7, 41, 20, 9, 51, 25, 62, 33, 12, 66, 62, 25, 7, 28, 3, 34, 44, 12, 20, 28, 22, 29, 58, 28, 13, 61, 1, 60, 11, 42, 18, 30, 54, 48, 48, 19, 18, 47, 14, 9, 54, 40, 7, 58, 26, 62, 43, 58, 8, 65, 3, 15, 60, 24, 20, 19, 38, 50, 65]
[51, 51, 35, 16, 35, 14, 24, 13, 21, 9, 32, 43, 13, 36, 6, 25, 22, 3, 25, 9, 65, 42, 38, 66, 15, 26, 57, 25, 66, 21, 9, 36, 59, 51, 23, 51, 5, 48, 3, 5, 54, 51, 12, 30, 6, 51, 1, 12, 37, 55, 14, 19, 7, 37, 24, 37, 63, 45, 25, 62, 9, 55, 21, 63, 32, 62, 16, 60, 32, 30, 20, 51, 52, 47, 25, 7, 17, 1, 24, 66, 35, 36, 45, 32, 18, 1, 61, 37, 41, 46, 32, 5, 22, 64, 64, 29, 11, 66, 36, 6, 23, 3, 50, 31, 6, 59, 0]
[42, 24, 12, 65, 31, 13, 64, 57, 59, 49, 35, 28, 51, 7, 12, 5, 44, 3, 34, 28, 32, 6, 65, 3, 60, 42, 39, 2, 41, 63, 55, 7, 55, 32, 47, 36, 9, 5, 55, 27, 0, 7, 1, 37, 26, 12, 21, 40, 40, 1, 27, 42, 24, 48, 46, 6, 49, 18, 24, 39, 13, 34, 42, 39, 15, 56, 15, 8, 52, 54, 35, 44, 55, 31, 37, 63, 19, 10, 11, 38, 58, 11, 22, 14, 35, 34, 43, 29, 25, 32, 61, 32, 6, 26, 42, 66, 11, 55, 24, 39, 15, 24, 51, 45, 45, 49, 35]
[50, 62, 0, 32, 10, 62, 53, 51, 36, 19, 60, 33, 17, 55, 41, 14, 1, 8, 40, 33, 13, 20, 62, 0, 41, 44, 7, 47, 17, 18, 8, 32, 45, 5, 40, 31, 36, 58, 31, 10, 39, 14, 40, 9, 6, 1, 9, 57, 46, 60, 40, 34, 34, 5, 38, 31, 48, 63, 65, 29, 27, 21, 44, 19, 0, 47, 13, 58, 36, 63, 14, 29, 34, 35, 40, 5, 63, 40, 13, 22, 1, 48, 21, 1, 13, 24, 50, 36, 34, 5, 20, 23, 20, 18, 31, 31, 51, 22, 2, 34, 17, 45, 20, 10, 6, 28, 40]
[15, 25, 32, 29, 19, 0, 15, 6, 22, 28, 60, 22, 10, 40, 63, 19, 21, 10, 33, 9, 19, 8, 58, 28, 24, 22, 10, 29, 62, 21, 49, 66, 33, 30, 1, 24, 13, 27, 7, 36, 24, 3, 55, 24, 44, 33, 14, 33, 51, 62, 34, 58, 64, 0, 37, 61, 43, 45, 5, 47, 26, 43, 14, 4, 36, 46, 36, 62, 54, 64, 7, 49, 42, 58, 45, 3, 16, 60, 24, 58, 55, 32, 65, 44, 59, 23, 6, 47, 32, 46, 11, 26, 14, 63, 29, 51, 66, 35, 1, 6, 17, 32, 65, 55, 45, 17, 48]
[32, 43, 29, 25, 53, 21, 64, 21, 40, 33, 65, 60, 3, 4, 24, 54, 4, 1, 26, 65, 46, 9, 1, 14, 18, 14, 36, 37, 26, 11, 0, 28, 1, 19, 26, 31, 6, 33, 56, 16, 35, 50, 65, 4, 46, 29, 15, 38, 56, 19, 29, 38, 17, 49, 51, 45, 55, 18, 19, 6, 49, 42, 56, 26, 10, 8, 39, 11, 64, 33, 29, 21, 60, 29, 53, 16, 56, 51, 34, 53, 21, 35, 57, 25, 20, 12, 11, 54, 4, 51, 26, 0, 28, 0, 56, 35, 7, 25, 49, 18, 52, 6, 56, 63, 44, 38, 6]
[21, 18, 48, 0, 15, 33, 57, 49, 25, 56, 20, 7, 6, 62, 27, 23, 32, 50, 27, 18, 41, 10, 10, 61, 30, 50, 40, 51, 58, 21, 46, 54, 42, 62, 56, 52, 61, 29, 20, 17, 27, 11, 56, 57, 52, 53, 36, 42, 41, 66, 15, 2, 14, 60, 34, 30, 57, 30, 39, 19, 38, 30, 60, 30, 62, 21, 51, 49, 6, 11, 61, 57, 58, 15, 35, 58, 40, 63, 18, 63, 32, 40, 65, 61, 30, 41, 21, 46, 37, 39, 43, 65, 28, 15, 8, 17, 52, 48, 7, 45, 59, 63, 27, 58, 16, 13, 40]
58*xbar^106 + 3*xbar^105 + 20*xbar^104 + 64*xbar^103 + 39*xbar^102 + 31*xbar^101 + 4*xbar^100 + 12*xbar^99 + 23*xbar^98 + 5*xbar^97 + 36*xbar^96 + 48*xbar^95 + 40*xbar^94 + 61*xbar^93 + 14*xbar^92 + 65*xbar^91 + 46*xbar^90 + 27*xbar^89 + 16*xbar^88 + 56*xbar^87 + xbar^86 + 15*xbar^85 + 49*xbar^84 + 54*xbar^83 + 41*xbar^82 + 65*xbar^81 + 63*xbar^80 + 30*xbar^79 + 16*xbar^78 + 36*xbar^77 + 54*xbar^76 + 51*xbar^75 + 6*xbar^74 + xbar^73 + 2*xbar^72 + 4*xbar^71 + 37*xbar^70 + 53*xbar^69 + 55*xbar^68 + 62*xbar^67 + 52*xbar^66 + 58*xbar^65 + 18*xbar^64 + 53*xbar^63 + 64*xbar^62 + 14*xbar^61 + 32*xbar^60 + 23*xbar^59 + 41*xbar^58 + 24*xbar^57 + 60*xbar^56 + 45*xbar^55 + 26*xbar^54 + 14*xbar^53 + 12*xbar^52 + 41*xbar^51 + 23*xbar^50 + 2*xbar^49 + 38*xbar^48 + 11*xbar^47 + 57*xbar^46 + 24*xbar^45 + 53*xbar^44 + 64*xbar^43 + 35*xbar^42 + 41*xbar^41 + 38*xbar^40 + 24*xbar^39 + 32*xbar^38 + 35*xbar^37 + 11*xbar^36 + 47*xbar^35 + 23*xbar^34 + 5*xbar^33 + 57*xbar^32 + 14*xbar^31 + 19*xbar^30 + 35*xbar^29 + 6*xbar^28 + 17*xbar^27 + 59*xbar^26 + 2*xbar^25 + 32*xbar^24 + 7*xbar^23 + 11*xbar^22 + 21*xbar^21 + 4*xbar^20 + 60*xbar^19 + 29*xbar^18 + 47*xbar^17 + 29*xbar^16 + 52*xbar^15 + 15*xbar^14 + 31*xbar^13 + 21*xbar^12 + 7*xbar^11 + 16*xbar^10 + 6*xbar^9 + 14*xbar^8 + 24*xbar^7 + 20*xbar^6 + 4*xbar^5 + 41*xbar^4 + 21*xbar^3 + 8*xbar^2 + 5*xbar + 46
[5, 34, 47, 61, 13, 51, 46, 26, 58, 7, 52, 29, 23, 27, 60, 24, 35, 12, 25, 4, 65, 63, 39, 39, 22, 13, 65, 61, 62, 13, 38, 31, 9, 56, 39, 59, 54, 1, 30, 7, 21, 61, 14, 65, 8, 50, 4, 54, 4, 10, 65, 60, 8, 58, 22, 25, 66, 59, 35, 22, 44, 19, 12, 12, 40, 2, 51, 18, 60, 59, 57, 59, 24, 8, 62, 1, 1, 20, 36, 12, 43, 33, 16, 31, 1, 29, 45, 22, 34, 37, 31, 20, 10, 28, 46, 20, 44, 20, 23, 36, 1, 37, 27, 26, 21, 11, 18]
[32, 64, 14, 6, 65, 52, 18, 28, 53, 62, 10, 59, 30, 42, 66, 20, 36, 49, 30, 56, 22, 31, 26, 35, 8, 50, 57, 33, 56, 17, 11, 35, 35, 53, 36, 17, 23, 7, 25, 20, 16, 28, 38, 5, 22, 14, 51, 52, 16, 15, 5, 0, 42, 58, 56, 15, 13, 9, 43, 17, 10, 65, 18, 27, 58, 31, 33, 51, 57, 4, 4, 66, 27, 39, 38, 22, 60, 19, 40, 62, 17, 17, 53, 17, 7, 28, 64, 30, 4, 52, 0, 0, 62, 43, 44, 23, 50, 36, 58, 51, 5, 65, 17, 38, 55, 13, 12]
[58, 41, 43, 24, 35, 47, 10, 20, 21, 42, 47, 43, 58, 42, 42, 15, 17, 8, 23, 28, 7, 65, 57, 40, 1, 1, 40, 36, 39, 24, 42, 30, 32, 32, 12, 45, 2, 56, 46, 57, 57, 60, 1, 24, 17, 34, 14, 57, 44, 48, 42, 40, 32, 8, 33, 5, 3, 33, 16, 47, 39, 25, 7, 27, 18, 32, 28, 6, 49, 38, 44, 60, 1, 58, 12, 47, 40, 36, 28, 15, 12, 40, 42, 3, 57, 44, 42, 43, 40, 46, 2, 15, 58, 1, 18, 63, 61, 14, 22, 66, 54, 64, 59, 1, 9, 11, 47]
[0, 4, 49, 23, 4, 19, 1, 41, 8, 7, 44, 65, 64, 49, 48, 31, 8, 59, 1, 33, 3, 36, 51, 9, 46, 40, 8, 31, 48, 47, 38, 25, 23, 61, 35, 65, 53, 44, 61, 17, 57, 15, 38, 32, 55, 13, 55, 65, 31, 24, 2, 24, 52, 17, 3, 53, 60, 35, 53, 21, 20, 33, 51, 3, 24, 0, 22, 15, 63, 41, 24, 53, 0, 55, 43, 41, 20, 5, 30, 11, 53, 29, 4, 20, 45, 37, 27, 21, 31, 23, 3, 23, 38, 56, 28, 45, 64, 63, 45, 54, 3, 31, 53, 39, 43, 32, 33]
[50, 47, 17, 60, 49, 14, 27, 29, 50, 18, 5, 6, 54, 13, 21, 17, 56, 22, 33, 10, 18, 12, 59, 25, 5, 59, 46, 19, 35, 47, 53, 28, 46, 46, 36, 14, 33, 49, 40, 12, 20, 9, 55, 12, 10, 49, 11, 16, 66, 4, 15, 3, 14, 57, 58, 65, 54, 12, 27, 3, 21, 29, 12, 24, 9, 23, 24, 16, 9, 66, 10, 57, 58, 10, 30, 59, 1, 40, 42, 0, 47, 57, 14, 40, 31, 46, 50, 43, 53, 41, 34, 21, 52, 65, 44, 0, 54, 21, 45, 26, 33, 55, 17, 0, 46, 36, 2]
[15, 13, 18, 5, 64, 2, 23, 50, 55, 38, 58, 25, 48, 50, 43, 11, 36, 7, 1, 29, 56, 9, 53, 28, 36, 42, 33, 59, 20, 9, 32, 62, 23, 43, 50, 5, 21, 43, 49, 12, 46, 29, 42, 0, 14, 54, 29, 37, 57, 41, 65, 10, 16, 26, 12, 64, 24, 9, 64, 53, 17, 38, 33, 37, 51, 34, 64, 63, 54, 34, 23, 39, 64, 11, 54, 24, 21, 53, 41, 46, 5, 40, 40, 8, 36, 34, 34, 2, 43, 32, 10, 25, 0, 46, 31, 0, 37, 51, 18, 15, 22, 54, 52, 16, 32, 56, 51]
[5, 22, 13, 19, 11, 59, 48, 44, 20, 31, 36, 52, 34, 13, 14, 18, 30, 39, 27, 34, 6, 21, 0, 20, 42, 57, 8, 12, 51, 7, 22, 25, 34, 10, 2, 32, 46, 62, 35, 44, 63, 45, 2, 51, 66, 38, 61, 12, 44, 40, 62, 53, 37, 10, 64, 62, 1, 34, 37, 36, 60, 50, 60, 5, 25, 46, 25, 47, 27, 52, 58, 5, 11, 7, 2, 36, 36, 57, 26, 34, 61, 66, 36, 11, 11, 28, 50, 29, 54, 64, 31, 14, 26, 57, 43, 64, 23, 29, 6, 13, 60, 30, 19, 28, 45, 5, 62]
[5, 44, 62, 28, 43, 27, 14, 46, 2, 25, 43, 15, 39, 29, 19, 18, 17, 43, 37, 35, 60, 56, 51, 29, 61, 63, 60, 44, 33, 39, 15, 33, 9, 49, 48, 24, 17, 4, 53, 36, 7, 52, 37, 7, 23, 45, 66, 28, 47, 21, 41, 44, 64, 62, 63, 46, 64, 51, 57, 19, 11, 17, 59, 52, 7, 14, 21, 22, 59, 30, 53, 63, 49, 55, 17, 18, 65, 4, 19, 12, 59, 52, 10, 24, 55, 39, 62, 40, 12, 24, 28, 60, 27, 38, 56, 7, 59, 46, 11, 29, 12, 19, 60, 41, 25, 17, 55]
[4, 27, 51, 42, 19, 2, 53, 8, 9, 61, 29, 60, 20, 32, 25, 35, 2, 56, 9, 31, 49, 64, 24, 20, 46, 10, 8, 32, 27, 31, 33, 47, 30, 31, 47, 56, 41, 55, 5, 29, 65, 62, 60, 14, 51, 52, 2, 2, 45, 38, 39, 42, 20, 14, 30, 6, 26, 48, 54, 63, 3, 57, 36, 2, 57, 7, 3, 64, 6, 19, 57, 19, 28, 22, 61, 28, 51, 20, 41, 8, 49, 53, 41, 36, 55, 13, 41, 44, 26, 13, 33, 13, 1, 41, 58, 23, 19, 46, 15, 46, 4, 35, 66, 3, 38, 5, 14]
[65, 46, 32, 13, 39, 64, 49, 12, 15, 22, 6, 28, 45, 4, 16, 7, 55, 4, 5, 45, 48, 29, 29, 23, 20, 33, 16, 47, 28, 25, 4, 39, 0, 23, 52, 21, 6, 57, 47, 7, 51, 7, 28, 65, 36, 60, 65, 44, 65, 13, 0, 9, 3, 60, 60, 5, 50, 43, 61, 56, 56, 57, 36, 3, 59, 28, 63, 46, 53, 23, 64, 24, 31, 7, 22, 55, 62, 49, 58, 51, 8, 20, 22, 16, 22, 38, 30, 64, 1, 4, 42, 17, 56, 55, 26, 12, 23, 62, 54, 62, 12, 29, 29, 11, 4, 59, 27]
0c7919badce39853c1d4e16f7051b3a90fbc21e719618d32d64658b7aa085d5f841529389a556e5a07
